312
569
368
726
47
70
161
864
302
156
236
91
223
224
705
82
332
583
648
405
805
35
714
351
457
0
825
881
838
887
850
423
832
19
787
37
421
104
361
694
397
604
36
847
438
27
435
151
701
189
855
266
293
412
330
54
869
165
644
84
90
781
344
650
559
17
171
540
306
172
118
168
398
880
672
659
773
611
628
681
299
481
669
533
490
614
129
328
426
758
13
707
891
55
297
317
588
675
211
646
684
342
383
732
52
637
746
44
213
722
428
632
358
274
524
415
848
565
407
102
346
738
141
795
125
356
741
677
612
546
385
779
526
32
542
120
196
711
634
500
433
580
363
491
50
566
623
660
631
409
174
577
871
117
153
217
33
263
597
626
656
360
267
902
452
124
488
514
76
724
186
843
777
706
596
899
331
733
231
495
548
501
418
704
736
121
903
2
339
731
515
163
99
460
169
696
9
67
294
87
573
563
164
191
477
613
455
750
445
506
254
859
53
115
251
618
354
253
140
403
65
584
723
892
527
370
430
195
8
431
774
309
77
378
474
786
492
834
443
234
791
242
381
785
388
471
307
292
814
348
857
687
208
770
698
116
528
560
233
5
202
128
375
708
678
166
401
715
721
439
905
509
551
324
813
225
521
349
743
304
754
763
815
146
123
247
624
134
100
513
602
280
589
657
507
38
479
318
241
536
845
451
762
600
553
232
40
898
458
4
184
286
92
26
42
382
391
394
419
771
772
798
89
725
532
268
347
590
432
355
296
697
235
822
734
336
192
222
889
748
709
425
58
793
83
545
663
862
413
246
610
62
518
894
665
568
570
227
56
562
635
371
453
510
751
250
327
105
790
654
835
601
851
820
182
784
372
913
21
203
603
279
729
402
824
178
619
440
581
101
408
544
840
11
447
800
206
160
759
629
63
158
66
228
765
209
802
720
716
15
395
679
890
276
319
897
197
30
519
75
159
64
860
755
561
836
205
392
712
200
475
534
886
127
424
143
6
909
145
149
616
778
700
794
647
219
51
554
71
376
316
803
112
122
599
766
504
429
652
301
181
265
710
841
639
780
155
256
541
690
97
456
745
198
311
739
512
737
692
282
703
638
177
258
769
144
608
300
109
463
525
571
686
486
865
735
487
1
783
821
585
756
749
801
78
353
558
284
482
564
400
257
444
437
108
329
907
823
833
333
259
59
522
868
252
567
799
18
379
29
85
389
578
210
620
693
730
41
645
591
661
807
157
446
557
43
271
818
310
450
111
464
130
499
503
839
272
699
598
393
883
531
816
204
719
24
147
7
830
811
605
595
343
150
239
673
752
406
671
74
806
72
615
194
229
80
81
875
844
484
498
96
126
550
119
776
462
427
882
517
713
380
48
586
49
322
494
670
511
226
718
622
190
338
335
135
441
34
448
753
767
255
12
22
148
906
465
667
747
664
893
364
341
740
230
396
539
878
691
321
131
775
879
420
201
574
449
283
138
377
461
537
262
884
702
689
386
810
812
829
666
493
796
303
314
93
505
176
516
547
337
658