290044
290044
290044
290044
290044
290044
290044
290044
290044
291244
291244
291244
291244
291244
291244
291244
291244
291244
341300
341300
341300
341300
341300
341300
341300
341300
341300
351086
351086
351086
351086
351086
351086
351086
351086
351086
353878
353878
353878
353878
353878
353878
353878
353878
353878
197584
197584
197584
197584
197584
197584
197584
197584
197584
316060
316060
316060
316060
316060
316060
316060
316060
316060
95137
95137
95137
95137
95137
95137
95137
95137
95137
278989
278989
278989
278989
278989
278989
278989
278989
278989
300343
300343
300343
300343
300343
300343
300343
300343
300343
149044
149044
149044
149044
149044
149044
149044
149044
149044
324384
324384
324384
324384
324384
324384
324384
324384
324384
282524
282524
282524
282524
282524
282524
282524
282524
282524
96996
96996
96996
96996
96996
96996
96996
96996
96996
357107
357107
357107
357107
357107
357107
357107
357107
357107
351910
351910
351910
351910
351910
351910
351910
351910
351910
351844
351844
351844
351844
351844
351844
351844
351844
351844
348483
348483
348483
348483
348483
348483
161910
161910
161910
161910
161910
161910
296299
296299
296299
296299
296299
296299
162493
162493
162493
162493
162493
162493
95949
95949
95949
95949
95949
95949
322154
322154
322154
322154
322154
322154
322691
322691
322691
322691
322691
322691
96134
96134
96134
96134
96134
96134
291870
291870
291870
291870
291870
291870
337818
337818
337818
337818
337818
337818
311246
311246
311246
298882
298882
298882
325451
325451
325451
208663
208663
208663
299961
299961
299961
173362
173362
173362
303524
303524
303524
282293
282293
282293
342858
342858
342858
329660
329660
329660
321410
321410
191588
191588
169107
169107
317957
317957
200057
200057
305712
305712
349593
349593
280157
280157
93462
93462
287387
287387
341301
341301
167757
167757
292394
292394
292806
292806
288082
288082
288082
97244
97244
97244
323623
323623
323623
345390
345390
345390
303324
303324
303324
322221
322221
322221
253150
253150
253150
290125
290125
290125
292658
292658
292658
282229
282229
282229
353586
353586
353586
346193
346193
346193
160562
160562
160562
160562
160562
160562
340846
340846
340846
340846
340846
340846
322432
322432
322432
322432
322432
322432
325374
325374
325374
325374
325374
325374
317711
317711
317711
317711
317711
317711
169550
169550
169550
169550
169550
169550
96139
96139
96139
96139
96139
96139
321888
321888
321888
321888
321888
321888
164330
164330
164330
164330
164330
164330
98142
98142
98142
98142
98142
98142
319994
319994
319994
319994
319994
319994
286956
286956
286956
286956
286956
286956
340553
340553
340553
340553
340553
340553
223203
223203
223203
223203
223203
223203
102684
102684
102684
102684
102684
102684
169544
169544
169544
169544
169544
169544
312017
312017
312017
312017
289647
289647
289647
289647
301774
301774
301774
301774
146655
146655
146655
146655
299343
299343
299343
299343
321881
321881
321881
321881
342348
342348
342348
342348
283459
283459
283459
283459
324079
324079
324079
324079
291879
291879
291879
291879
343038
343038
343038
343038
169950
169950
169950
169950
327088
327088
327088
327088
217257
217257
217257
217257
160864
160864
160864
160864
307069
307069
307069
307069
307069
307069
307069
103187
103187
103187
103187
103187
103187
103187
166922
166922
166922
166922
166922
166922
166922
164077
164077
164077
164077
164077
164077
164077
317709
317709
317709
317709
317709
317709
317709
324416
324416
324416
324416
324416
324416
324416
147790
147790
147790
147790
147790
147790
147790
152965
152965
152965
152965
152965
152965
152965
94877
94877
94877
94877
94877
94877
94877
205905
205905
205905
205905
205905
205905
205905
298857
298857
298857
298857
298857
298857
298857
98839
98839
98839
98839
98839
98839
98839
300323
300323
300323
300323
300323
300323
300323
100349
100349
100349
100349
100349
100349
100349
150983
150983
150983
150983
150983
150983
150983
310942
310942
310942
310942
310942
310942
310942
161213
161213
161213
161213
161213
161213
161213
323413
323413
323413
323413
323413
323413
323413
103276
103276
103276
103276
103276
103276
103276
319154
319154
319154
319154
319154
319154
319154
276681
276681
276681
276681
276681
276681
276681
334833
334833
334833
334833
334833
334833
334833
305731
305731
305731
305731
305731
305731
305731
214382
214382
214382
214382
214382
214382
214382
325785
325785
325785
325785
325785
325785
325785
222904
222904
222904
222904
222904
222904
222904
308274
308274
308274
308274
308274
308274
308274
281993
281993
281993
281993
281993
281993
281993
299888
299888
299888
299888
299888
299888
299888
172112
172112
172112
172112
172112
172112
172112
291751
291751
291751
291751
291751
291751
291751
317085
317085
317085
317085
317085
317085
317085
211230
211230
211230
211230
211230
211230
211230
148091
148091
148091
148091
148091
148091
148091
304689
304689
304689
304689
304689
304689
304689
222798
222798
222798
222798
334016
334016
334016
334016
348138
348138
348138
348138
150914
150914
150914
150914
173659
173659
173659
173659
305704
305704
305704
305704
316856
316856
316856
316856
298573
298573
298573
298573
343941
343941
343941
343941
316791
316791
316791
316791
198796
198796
198796
198796
325084
325084
325084
325084
348285
348285
348285
348285
292392
292392
292392
292392
96887
96887
96887
96887
348475
348475
348475
348475
163849
163849
163849
163849
163849
163849
163849
163849
163849
163849
307626
307626
307626
307626
307626
307626
307626
307626
307626
307626
323817
323817
323817
323817
323817
323817
323817
323817
323817
323817
282279
282279
282279
282279
282279
282279
282279
282279
282279
282279
98640
98640
98640
98640
98640
98640
98640
98640
98640
98640
308421
308421
308421
308421
308421
308421
308421
308421
308421
308421
284070
284070
284070
284070
284070
284070
284070
284070
284070
284070
324146
324146
324146
324146
324146
324146
324146
324146
324146
324146
191064
191064
191064
191064
191064
191064
191064
191064
191064
191064
326958
326958
326958
326958
326958
326958
326958
326958
326958
326958
351750
351750
351750
351750
351750
351750
351750
351750
351750
351750
177614
177614
177614
177614
177614
177614
177614
177614
177614
177614
101874
101874
101874
101874
101874
101874
101874
101874
101874
101874
228351
228351
228351
228351
228351
228351
228351
228351
228351
228351
343058
343058
343058
343058
343058
343058
343058
343058
343058
343058
303022
303022
303022
303022
303022
303022
303022
303022
303022
303022
218080
218080
218080
218080
347721
347721
347721
347721
308966
308966
308966
308966
286325
286325
286325
286325
302259
302259
302259
302259
312845
312845
312845
312845
197006
197006
197006
197006
305604
305604
305604
305604
154030
154030
154030
154030
326444
326444
326444
326444
159295
159295
159295
159295
99500
99500
99500
99500
94021
94021
94021
94021
310019
310019
310019
310019
310019
338527
338527
338527
254719
254719
254719
100759
100759
100759
297621
297621
297621
161754
161754
161754
161732
161732
161732
173222
173222
173222
313454
313454
313454
97608
97608
97608
295415
295415
295415
349351
349351
349351
310367
310367
310367
317596
317596
317596
293379
293379
293379
289237
289237
289237
176214
176214
176214
339172
339172
339172
286248
286248
286248
286248
286248
354652
354652
354652
354652
354652
311076
311076
311076
311076
311076
142696
142696
142696
142696
142696
318681
318681
318681
318681
318681
345085
345085
345085
345085
345085
222477
222477
222477
222477
222477
351226
351226
351226
351226
351226
294979
294979
294979
294979
294979
227976
227976
227976
227976
227976
171704
171704
171704
171704
171704
103211
103211
103211
103211
103211
355536
355536
355536
355536
355536
353272
353272
353272
353272
353272
339899
339899
339899
339899
339899
104685
104685
104685
104685
104685
104685
323139
323139
323139
323139
323139
323139
285001
285001
285001
285001
285001
285001
94985
94985
94985
94985
94985
94985
358018
358018
358018
358018
358018
358018
326894
326894
326894
326894
326894
326894
254530
254530
254530
254530
254530
254530
309399
309399
309399
309399
309399
309399
309191
309191
309191
309191
309191
309191
354812
354812
354812
354812
354812
354812
297242
297242
297242
323345
323345
323345
335000
335000
335000
92651
92651
92651
298497
298497
298497
99955
99955
99955
337762
337762
337762
94667
94667
94667
172881
172881
172881
311626
311626
311626
324608
324608
324608
301563
301563
301563
301563
301563
301563
352320
352320
352320
352320
352320
352320
352606
352606
352606
352606
352606
352606
161028
161028
161028
161028
161028
161028
96714
96714
96714
96714
96714
96714
101931
101931
101931
101931
101931
101931
329974
329974
329974
329974
329974
329974
95099
95099
95099
95099
95099
164796
164796
164796
164796
164796
218480
218480
218480
218480
218480
218480
218480
218480
356431
356431
356431
356431
356431
356431
356431
356431
348029
348029
348029
348029
348029
348029
348029
348029
315707
315707
315707
315707
315707
315707
315707
315707
294673
294673
294673
294673
294673
294673
294673
294673
216604
216604
216604
216604
216604
216604
216604
216604
329181
329181
329181
329181
329181
329181
329181
329181
199203
199203
199203
199203
199203
199203
199203
199203
99270
99270
99270
99270
99270
99270
99270
99270
332801
332801
332801
332801
332801
332801
332801
332801
171893
171893
171893
171893
171893
171893
171893
171893
296870
296870
296870
296870
296870
296870
296870
296870
162208
162208
162208
162208
162208
162208
162208
162208
342198
342198
342198
342198
342198
342198
342198
342198
94842
94842
94842
94842
327270
327270
327270
327270
341082
341082
341082
341082
164854
164854
164854
164854
297889
297889
297889
297889
301678
301678
301678
96697
96697
96697
330181
330181
330181
352676
352676
352676
96122
96122
96122
253253
253253
253253
212317
212317
212317
297655
297655
297655
287039
287039
287039
300579
300579
300579
313117
313117
313117
283090
283090
283090
325128
325128
325128
352001
352001
352001
352731
352731
352731
220401
220401
220401
353942
282673
303377
305426
349323
301790
338186
169100
96385
298621
301075
227645
343319
297904
320379
99445
98371
98371
98371
98371
98371
98371
146707
146707
146707
146707
146707
146707
337960
337960
337960
337960
337960
337960
210900
210900
210900
210900
210900
210900
147867
147867
147867
147867
147867
147867
305815
305815
305815
305815
305815
305815
291943
291943
291943
291943
291943
291943
207278
207278
207278
207278
207278
207278
206251
206251
206251
206251
206251
206251
339832
339832
339832
339832
339832
339832
279587
279587
279587
279587
279587
279587
351395
351395
351395
351395
351395
351395
355462
355462
355462
355462
355462
355462
306029
306029
306029
306029
306029
306029
334324
334324
334324
334324
334324
334324
328965
328965
328965
328965
328965
328965
279644
279644
279644
279644
279644
279644
279644
289519
289519
289519
289519
289519
289519
289519
249813
249813
249813
249813
249813
249813
249813
156505
156505
156505
156505
156505
156505
156505
357872
357872
357872
357872
357872
357872
357872
158247
158247
158247
158247
158247
158247
158247
281284
281284
281284
281284
281284
281284
281284
329570
329570
329570
329570
329570
329570
329570
162737
162737
162737
162737
162737
162737
162737
330105
330105
330105
330105
330105
330105
330105
319808
319808
319808
319808
319808
319808
319808
358038
358038
358038
358038
358038
358038
358038
194910
194910
194910
194910
194910
194910
194910
315669
315669
315669
315669
315669
315669
315669
190621
190621
190621
190621
190621
190621
190621
324403
324403
324403
324403
324403
324403
324403
297265
297265
297265
297265
297265
297265
297265
351408
351408
351408
351408
351408
351408
351408
352898
352898
352898
352898
352898
352898
352898
352898
352898
328165
328165
328165
328165
328165
328165
328165
328165
328165
321127
321127
321127
321127
321127
321127
321127
321127
321127
302670
302670
302670
302670
302670
302670
302670
302670
302670
215631
215631
215631
215631
215631
215631
215631
215631
215631
202485
202485
202485
202485
202485
202485
202485
202485
202485
167152
167152
167152
167152
167152
167152
167152
167152
167152
223051
223051
223051
223051
223051
223051
223051
223051
223051
256814
256814
256814
256814
256814
256814
256814
256814
256814
162606
162606
162606
162606
162606
162606
162606
162606
162606
123579
123579
123579
123579
123579
123579
123579
287529
287529
287529
287529
287529
287529
287529
191555
191555
191555
191555
191555
191555
191555
94353
94353
94353
94353
94353
94353
94353
296020
296020
296020
296020
296020
296020
296020
158185
158185
158185
158185
347579
347579
347579
347579
295935
295935
295935
295935
304012
304012
304012
304012
153732
153732
153732
153732
303726
303726
303726
303726
158824
158824
322010
322010
345199
345199
252632
252632
309776
309776
290572
290572
290572
290572
290572
290572
308823
308823
308823
308823
308823
308823
313146
313146
313146
313146
313146
313146
325363
325363
325363
325363
325363
325363
152584
152584
152584
152584
152584
152584
349876
349876
349876
349876
349876
349876
228934
228934
228934
228934
228934
228934
276611
276611
276611
276611
276611
276611
315926
315926
315926
315926
315926
315926
175893
175893
175893
175893
175893
175893
355446
355446
355446
355446
355446
355446
336743
336743
336743
336743
336743
336743
303698
303698
303698
303698
303698
303698
159192
159192
159192
159192
159192
159192
323476
323476
323476
323476
323476
323476
97136
97136
97136
97136
97136
97136
210349
210349
210349
210349
210349
210349
298103
298103
298103
298103
298103
298103
339409
339409
339409
339409
339409
339409
309816
309816
309816
309816
309816
309816
255917
255917
255917
255917
255917
199657
199657
199657
199657
199657
95219
95219
95219
95219
95219
198316
198316
198316
198316
198316
191507
191507
191507
191507
191507
254287
254287
254287
254287
254287
92751
92751
92751
92751
92751
164466
164466
164466
164466
164466
106804
106804
106804
106804
106804
156596
156596
156596
156596
156596
96899
96899
96899
96899
96899
175051
175051
175051
175051
175051
214662
214662
214662
214662
214662
337300
337300
337300
337300
337300
279560
279560
279560
279560
279560
279560
289532
289532
289532
289532
289532
289532
316502
316502
316502
316502
316502
316502
253625
253625
253625
253625
253625
253625
158296
158296
158296
158296
158296
158296
302168
302168
302168
302168
302168
302168
320369
320369
320369
320369
320369
320369
312987
312987
312987
312987
312987
312987
299644
299644
299644
299644
299644
299644
306893
306893
306893
306893
306893
306893
303217
303217
303217
303217
303217
303217
303217
351807
351807
351807
351807
351807
351807
351807
359739
359739
359739
359739
359739
359739
359739
327390
327390
327390
327390
327390
327390
327390
353169
353169
353169
353169
353169
353169
353169
94737
94737
94737
94737
94737
94737
94737
353384
353384
353384
353384
353384
353384
353384
291515
291515
291515
291515
291515
291515
291515
308911
308911
308911
308911
308911
308911
308911
312418
312418
312418
312418
148158
148158
148158
148158
300335
300335
300335
300335
356336
356336
356336
356336
164812
164812
164812
164812
354044
354044
354044
354044
302017
302017
302017
302017
198569
198569
198569
198569
160638
160638
160638
160638
103318
103318
103318
103318
95291
95291
95291
95291
95291
95291
207736
207736
207736
207736
207736
207736
177182
177182
177182
177182
177182
177182
310099
310099
310099
310099
310099
310099
316809
316809
316809
316809
316809
316809
351220
351220
351220
351220
351220
351220
351721
351721
351721
351721
351721
351721
284721
284721
284721
284721
284721
284721
302638
302638
302638
302638
302638
302638
320032
320032
320032
320032
320032
320032
104820
104820
104820
104820
104820
104820
355633
355633
355633
355633
355633
355633
93030
93030
93030
93030
93030
93030
343164
343164
343164
317965
317965
317965
175754
175754
175754
300135
300135
300135
316191
316191
316191
300426
300426
300426
96670
96670
96670
325557
325557
325557
99818
99818
99818
331338
331338
331338
175219
175219
175219
343614
343614
343614
340795
340795
340795
256524
256524
256524
304183
304183
304183
304183
304183
304183
281379
281379
281379
281379
281379
281379
323124
323124
323124
323124
323124
323124
158334
158334
158334
158334
158334
158334
214262
214262
214262
214262
100816
100816
100816
100816
284293
284293
284293
284293
98935
98935
98935
98935
292774
292774
292774
292774
347165
347165
347165
347165
291218
291218
291218
291218
175481
175481
175481
175481
100994
100994
100994
100994
176480
176480
176480
176480
208193
208193
208193
208193
334479
334479
334479
334479
299513
299513
299513
299513
296409
296409
296409
296409
307896
307896
307896
307896
325500
325500
325500
325500
159314
159314
159314
159314
290611
290611
290611
290611
173172
173172
173172
173172
303746
303746
303746
303746
314708
314708
314708
314708
94665
94665
94665
94665
330397
330397
330397
330397
277446
277446
277446
277446
350996
350996
350996
350996
343721
343721
343721
343721
164995
164995
164995
164995
142622
142622
142622
142622
307486
307486
307486
307486
307486
299079
299079
299079
299079
299079
289159
289159
289159
289159
289159
94017
94017
94017
94017
94017
333457
333457
333457
333457
333457
339451
339451
339451
339451
339451
176128
176128
176128
176128
176128
289168
289168
289168
289168
289168
324030
324030
324030
324030
324030
288148
288148
288148
288148
288148
324499
324499
324499
324499
324499
303770
303770
303770
303770
303770
318169
318169
318169
318169
318169
289893
289893
289893
289893
289893
292021
292021
292021
292021
292021
308174
308174
308174
308174
308174
93296
93296
93296
93296
93296
300554
300554
300554
300554
300554
325824
325824
325824
325824
325824
339228
339228
339228
339228
339228
287878
287878
287878
287878
287878
302468
302468
302468
302468
302468
317964
317964
317964
317964
317964
317964
317964
317964
317964
297349
297349
297349
297349
297349
297349
297349
297349
297349
335982
335982
335982
335982
335982
335982
335982
335982
335982
350851
350851
350851
350851
350851
350851
350851
350851
350851
293568
293568
293568
293568
293568
293568
293568
293568
293568
99163
99163
99163
99163
99163
99163
99163
99163
99163
94440
94440
94440
94440
94440
94440
94440
94440
94440
309204
309204
309204
309204
309204
309204
309204
309204
309204
326023
326023
326023
326023
326023
326023
326023
326023
326023
287060
287060
287060
287060
287060
287060
248193
248193
248193
248193
248193
248193
159796
159796
159796
159796
159796
159796
173763
173763
173763
173763
173763
173763
290011
290011
290011
290011
290011
290011
316573
316573
316573
316573
316573
316573
103281
103281
103281
174920
174920
174920
100974
100974
100974
258550
258550
258550
94150
94150
94150
103339
103339
103339
142603
142603
142603
215451
215451
215451
278812
278812
97214
97214
251348
251348
275201
275201
94002
94002
296530
296530
315068
315068
254787
254787
163031
163031
284039
284039
307110
307110
307110
307110
308210
308210
308210
308210
299493
299493
299493
299493
96674
96674
96674
96674
258999
258999
258999
258999
298612
298612
298612
298612
282535
282535
282535
282535
165229
165229
165229
165229
94198
94198
94198
94198
349423
349423
349423
349423
330023
330023
330023
330023
294517
294517
294517
325382
325382
325382
162827
162827
162827
310650
310650
310650
147133
147133
147133
348457
348457
204434
204434
164169
164169
209950
209950
203963
203963
308264
308264
173815
173815
173815
173815
173815
162096
162096
162096
162096
162096
296826
296826
296826
296826
296826
359927
359927
359927
359927
359927
99017
99017
99017
257545
257545
257545
281834
281834
281834
96444
96444
96444
355245
355245
355245
355245
277614
277614
277614
277614
178474
178474
178474
178474
94674
94674
94674
94674
307170
307170
307170
307170
294719
294719
294719
294719
290559
290559
290559
290559
99975
99975
99975
99975
345574
345574
345574
345574
324822
324822
324822
324822
302378
302378
302378
302378
330938
311692
351217
340281
289791
228108
228108
228108
228108
228108
228108
228108
228108
228108
95431
95431
95431
95431
95431
95431
95431
95431
95431
255268
255268
255268
255268
255268
255268
255268
255268
255268
302825
302825
302825
302825
302825
302825
302825
302825
302825
335667
335667
335667
335667
335667
335667
335667
335667
335667
257033
257033
257033
257033
257033
257033
257033
257033
257033
313447
313447
313447
313447
313447
313447
313447
313447
313447
325295
297723
350287
248224
327075
349183
357335
352022
352022
352022
352022
352022
352022
123585
123585
123585
123585
123585
123585
308804
308804
308804
308804
308804
308804
161408
161408
161408
161408
161408
161408
351717
351717
351717
351717
351717
351717
283536
283536
283536
283536
283536
283536
327350
327350
327350
327350
327350
327350
167367
167367
167367
167367
167367
167367
93674
93674
93674
93674
93674
93674
167392
167392
167392
167392
167392
167392
153980
153980
153980
153980
153980
153980
346761
346761
346761
346761
346761
346761
313857
313857
313857
313857
313857
313857
301316
301316
301316
301316
301316
301316
95367
95367
95367
95367
95367
95367
162110
162110
162110
162110
162110
162110
345592
345592
345592
345592
345592
345592
159245
159245
159245
159245
159245
159245
342627
342627
342627
342627
342627
342627
311471
311471
311471
311471
311471
351840
351840
351840
351840
351840
166089
166089
166089
166089
166089
171181
171181
171181
171181
171181
342457
342457
342457
342457
342457
163922
163922
163922
163922
163922
100585
100585
100585
100585
100585
284055
284055
284055
284055
284055
100465
100465
100465
100465
100465
282588
282588
282588
282588
282588
324475
324475
324475
324475
324475
291611
291611
291611
291611
291611
288646
288646
288646
288646
288646
326492
326492
326492
326492
326492
169922
169922
169922
169922
169922
350257
350257
350257
350257
350257
325159
325159
325159
325159
325159
284859
284859
284859
284859
284859
291711
291711
291711
291711
291711
352222
352222
352222
352222
352222
160269
160269
160269
160269
160269
289488
289488
289488
289488
289488
289488
289488
289488
289488
329514
329514
329514
329514
329514
329514
329514
329514
329514
336825
336825
336825
336825
336825
336825
336825
336825
336825
348076
348076
348076
348076
348076
348076
348076
348076
348076
323767
323767
323767
323767
323767
323767
323767
323767
323767
254854
254854
254854
254854
254854
254854
254854
254854
254854
298135
298135
298135
298135
298135
298135
298135
298135
298135
326060
326060
326060
326060
326060
326060
326060
326060
326060
104727
104727
104727
104727
104727
104727
104727
104727
104727
174930
174930
174930
174930
174930
174930
174930
174930
174930
173442
173442
173442
173442
173442
173442
173442
173442
173442
210848
210848
210848
210848
210848
210848
94971
94971
94971
94971
94971
94971
201437
201437
201437
201437
201437
201437
354606
354606
354606
354606
354606
354606
164378
164378
164378
164378
164378
164378
353774
353774
353774
353774
353774
353774
94857
94857
94857
94857
94857
94857
92663
92663
92663
92663
92663
92663
292036
292036
292036
292036
292036
292036
105011
105011
105011
105011
105011
105011
101143
101143
101143
101143
101143
101143
101143
101143
160951
160951
160951
160951
160951
160951
160951
160951
289224
289224
289224
289224
289224
289224
289224
289224
258202
258202
258202
258202
258202
258202
258202
258202
318373
318373
318373
318373
318373
318373
318373
318373
169578
169578
169578
169578
169578
169578
169578
169578
284152
284152
284152
284152
284152
284152
284152
284152
352585
352585
352585
352585
352585
352585
352585
352585
166437
166437
166437
166437
166437
166437
166437
166437
351150
351150
351150
351150
351150
351150
351150
351150
314162
314162
314162
314162
314162
314162
314162
314162
305778
305778
305778
305778
305778
305778
305778
305778
356145
208944
192732
315099
322305
302304
353358
340520
314343
94860
94860
94860
94860
94860
94860
94860
94860
94860
94860
297331
297331
297331
297331
297331
297331
297331
297331
297331
297331
292366
292366
292366
292366
292366
292366
292366
292366
292366
292366
323587
323587
323587
323587
323587
323587
323587
323587
323587
323587
354734
354734
354734
354734
354734
354734
354734
354734
354734
354734
93752
93752
93752
93752
93752
93752
93752
93752
93752
93752
329912
329912
329912
329912
329912
329912
329912
329912
329912
329912
313867
313867
313867
313867
313867
313867
313867
313867
313867
313867
166621
166621
166621
166621
166621
166621
166621
166621
166621
166621
98544
98544
98544
98544
98544
98544
98544
98544
98544
98544
286563
286563
286563
286563
286563
286563
286563
286563
286563
286563
327737
327737
327737
327737
340025
340025
340025
340025
342482
342482
342482
342482
319591
319591
319591
319591
293278
293278
293278
293278
95640
95640
95640
95640
215419
215419
215419
215419
155368
155368
155368
155368
332703
332703
332703
332703
282410
282410
282410
282410
200834
200834
200834
200834
342947
342947
342947
342947
338505
338505
338505
338505
165956
165956
165956
165956
209061
209061
209061
209061
350919
350919
350919
350919
350337
350337
350337
350337
170139
170139
170139
170139
198306
198306
198306
198306
158405
158405
158405
158405
346056
346056
346056
346056
94584
94584
94584
94584
160410
160410
160410
160410
352000
352000
352000
352000
342296
342296
342296
342296
324619
324619
324619
324619
97636
97636
97636
97636
321067
321067
321067
321067
317406
317406
317406
317406
191047
191047
191047
191047
324005
324005
324005
324005
324005
158704
158704
158704
158704
158704
344618
344618
344618
344618
344618
318018
318018
318018
318018
318018
323355
323355
323355
323355
323355
334005
334005
334005
334005
334005
164227
164227
164227
164227
164227
290382
290382
290382
290382
290382
298946
298946
298946
298946
298946
169156
169156
169156
169156
169156
174172
174172
174172
174172
174172
216731
216731
216731
216731
216731
350699
350699
350699
350699
350699
350699
350699
319094
319094
319094
319094
319094
319094
319094
337733
337733
337733
337733
337733
337733
337733
347976
347976
347976
347976
347976
347976
347976
283712
283712
283712
283712
283712
283712
283712
324498
324498
324498
324498
324498
324498
324498
318525
318525
318525
318525
318525
318525
318525
295209
295209
295209
295209
295209
295209
295209
313075
313075
313075
313075
313075
313075
313075
333479
333479
333479
333479
333479
333479
333479
344382
344382
344382
344382
344382
344382
344382
319114
319114
319114
319114
319114
319114
319114
168956
168956
168956
168956
168956
168956
168956
298204
298204
298204
298204
298204
298204
298204
298074
298074
298074
298074
298074
298074
298074
99555
99555
99555
99555
99555
99555
99555
172359
172359
172359
172359
172359
172359
96150
96150
96150
96150
96150
96150
316945
316945
316945
316945
316945
316945
311096
311096
311096
311096
311096
311096
325499
325499
325499
325499
325499
325499
305656
305656
305656
305656
305656
305656
280996
280996
280996
280996
280996
280996
95732
95732
95732
95732
95732
95732
161899
161899
161899
161899
161899
161899
190779
190779
190779
190779
190779
190779
317401
317401
317401
317401
317401
317401
163700
163700
163700
163700
163700
163700
304973
304973
304973
304973
304973
304973
316628
316628
316628
316628
316628
316628
295742
295742
295742
295742
295742
295742
100481
100481
100481
100481
100481
100481
340390
340390
340390
340390
340390
340390
320101
320101
320101
320101
320101
320101
323426
96071
314964
192413
249595
327481
327839
327839
327839
327839
307653
307653
307653
307653
319601
319601
319601
319601
309457
309457
309457
309457
280279
280279
280279
280279
321057
321057
321057
321057
354378
354378
354378
354378
165625
165625
318729
318729
206204
206204
189586
189586
251357
251357
330908
330908
286364
286364
343806
343806
109396
109396
95713
299005
353468
142609
350474
351587
347683
303766
177040
282187
282187
282187
282187
282187
284038
284038
284038
284038
284038
102164
102164
102164
102164
102164
160366
160366
160366
160366
160366
288149
288149
288149
288149
288149
308607
308607
308607
308607
308607
323366
323366
323366
323366
323366
323366
323366
323366
196593
196593
196593
196593
196593
196593
196593
196593
293114
293114
293114
293114
293114
293114
293114
293114
95831
95831
95831
95831
95831
95831
95831
95831
305201
305201
305201
305201
305201
305201
305201
305201
317229
317229
317229
317229
317229
317229
317229
317229
311721
311721
311721
311721
311721
311721
311721
311721
177173
177173
177173
177173
177173
177173
177173
177173
166666
166666
166666
166666
166666
166666
166666
166666
300681
300681
300681
300681
300681
300681
300681
300681
306899
306899
306899
306899
306899
306899
306899
306899
310758
310758
310758
310758
310758
310758
310758
310758
327189
327189
327189
327189
327189
327189
327189
327189
98964
98964
98964
98964
98964
98964
98964
98964
96266
96266
96266
96266
96266
96266
96266
96266
330564
330564
330564
330564
330564
330564
330564
330564
215749
215749
215749
215749
215749
215749
296208
296208
296208
296208
296208
296208
165368
165368
165368
165368
165368
165368
357439
357439
357439
357439
357439
357439
294096
294096
294096
294096
294096
294096
94688
94688
94688
94688
94688
94688
309678
309678
309678
309678
309678
309678
298367
298367
298367
298367
298367
298367
249210
249210
249210
249210
249210
249210
99809
99809
99809
99809
99809
99809
289434
289434
289434
289434
289434
289434
168771
168771
168771
168771
168771
168771
350965
350965
350965
350965
350965
350965
358598
358598
358598
358598
358598
358598
326956
326956
326956
326956
326956
326956
282250
282250
282250
282250
282250
282250
282250
282250
92779
92779
92779
92779
92779
92779
92779
92779
175153
175153
175153
175153
175153
175153
175153
175153
283425
283425
283425
283425
283425
283425
283425
283425
105387
105387
105387
105387
105387
105387
105387
105387
298449
298449
298449
298449
298449
298449
298449
298449
339333
339333
339333
339333
339333
339333
339333
339333
150735
150735
150735
150735
150735
150735
150735
150735
190562
190562
190562
190562
190562
190562
190562
190562
318420
318420
318420
318420
318420
318420
318420
318420
315714
315714
315714
315714
315714
315714
315714
315714
297747
297747
297747
297747
297747
297747
297747
297747
312917
312917
312917
312917
312917
312917
312917
312917
316189
316189
316189
316189
316189
316189
316189
316189
336632
336632
336632
336632
336632
336632
336632
336632
98038
98038
98038
98038
98038
98038
98038
98038
172389
172389
172389
172389
296966
296966
296966
296966
290653
290653
290653
290653
343402
343402
343402
343402
258398
258398
258398
258398
200761
200761
200761
200761
337771
337771
337771
337771
280049
280049
280049
280049
156422
156422
156422
156422
283909
283909
283909
283909
300370
300370
300370
300370
98355
98355
98355
98355
319210
319210
319210
319210
288268
288268
288268
288268
348506
348506
348506
348506
314197
314197
314197
314197
227725
227725
227725
316048
316048
316048
169751
169751
169751
160349
160349
160349
309654
309654
309654
281416
281416
281416
351303
351303
351303
153875
153875
153875
98643
98643
98643
351645
351645
351645
96729
96729
96729
294442
294442
294442
167380
167380
167380
347102
347102
347102
357441
357441
357441
298492
298492
298492
298492
298492
298492
298492
298492
298492
298492
302572
302572
302572
302572
302572
302572
302572
302572
302572
302572
343487
343487
343487
343487
343487
343487
343487
343487
343487
343487
293137
293137
293137
293137
293137
293137
293137
293137
293137
293137
207914
207914
207914
207914
207914
207914
207914
207914
207914
207914
296418
296418
296418
296418
296418
296418
296418
296418
296418
296418
186322
186322
186322
186322
186322
186322
186322
186322
186322
186322
293818
293818
293818
293818
293818
293818
293818
293818
293818
293818
170372
170372
170372
170372
170372
170372
170372
170372
170372
170372
190936
190936
190936
190936
190936
190936
190936
190936
190936
190936
206500
206500
206500
206500
206500
206500
206500
206500
206500
206500
165786
165786
165786
165786
165786
165786
165786
165786
165786
165786
167738
167738
167738
167738
167738
167738
167738
167738
167738
167738
313524
313524
313524
313524
313524
313524
313524
313524
313524
313524
303058
303058
303058
303058
303058
303058
303058
303058
303058
303058
158249
158249
158249
164666
164666
164666
148200
148200
148200
177808
177808
177808
101876
101876
101876
96181
96181
96181
98452
98452
98452
98452
98452
98452
161971
161971
161971
161971
161971
161971
344429
344429
344429
344429
344429
344429
219002
219002
219002
219002
219002
219002
295356
295356
295356
295356
295356
295356
353332
353332
353332
353332
353332
353332
98074
98074
98074
98074
98074
98074
100744
100744
100744
100744
100744
100744
170317
170317
170317
170317
170317
170317
177285
177285
177285
177285
177285
177285
252074
252074
252074
252074
252074
252074
295032
295032
295032
295032
295032
295032
161877
161877
161877
161877
161877
161877
103103
103103
103103
103103
103103
103103
167485
167485
167485
167485
167485
167485
302929
302929
302929
302929
302929
302929
326840
326840
326840
326840
326840
326840
358078
358078
358078
358078
358078
358078
336578
336578
336578
336578
336578
336578
336578
301951
301951
301951
301951
301951
301951
301951
283960
283960
283960
283960
283960
283960
283960
216823
216823
216823
216823
216823
216823
216823
299991
299991
299991
299991
299991
299991
299991
160199
160199
160199
160199
160199
160199
160199
94168
94168
94168
94168
94168
94168
94168
249126
249126
249126
249126
249126
249126
249126
158435
158435
158435
158435
158435
158435
158435
332629
332629
332629
332629
332629
332629
332629
325337
325337
325337
325337
325337
325337
325337
178058
178058
178058
178058
178058
178058
178058
351502
351502
351502
351502
351502
351502
351502
97509
97509
97509
97509
97509
97509
217966
217966
217966
217966
217966
217966
309787
309787
309787
309787
309787
309787
297602
297602
297602
297602
297602
297602
284263
284263
284263
284263
284263
284263
317532
317532
317532
317532
317532
317532
302525
302525
302525
302525
302525
302525
282572
282572
282572
282572
282572
282572
353089
353089
353089
353089
353089
353089
347995
347995
347995
347995
347995
347995
225609
225609
225609
225609
225609
225609
298964
298964
298964
298964
298964
298964
324170
324170
324170
324170
324170
324170
102729
102729
102729
102729
102729
102729
330238
330238
330238
330238
330238
330238
95821
95821
95821
95821
95821
95821
314155
314155
314155
314155
314155
314155
106887
106887
106887
106887
178005
178005
178005
178005
101602
101602
101602
101602
167959
167959
167959
167959
149660
149660
149660
149660
170596
170596
170596
170596
156686
156686
156686
156686
337530
152505
95659
96302
192108
186478
335756
191396
255162
320992
97527
254810
93581
93581
93581
349311
349311
349311
357653
357653
357653
153826
153826
153826
163246
163246
163246
251057
251057
251057
336622
336622
336622
92752
92752
92752
319669
319669
319669
291168
291168
291168
96116
96116
96116
96116
96116
96116
96116
299810
299810
299810
299810
299810
299810
299810
337644
337644
337644
337644
337644
337644
337644
207654
207654
207654
207654
207654
207654
207654
286671
286671
286671
286671
286671
286671
286671
300879
300879
300879
300879
300879
300879
300879
305177
305177
305177
305177
305177
305177
305177
296551
296551
296551
296551
296551
296551
296551
95957
95957
95957
95957
95957
95957
95957
300863
300863
300863
300863
300863
300863
300863
348445
348445
348445
348445
348445
348445
348445
213846
213846
213846
213846
213846
213846
213846
187093
187093
187093
187093
187093
187093
187093
314746
314746
314746
314746
314746
314746
314746
314746
314746
168360
168360
168360
168360
168360
168360
168360
168360
168360
198304
198304
198304
198304
198304
198304
198304
198304
198304
342558
342558
342558
342558
342558
342558
342558
342558
342558
325645
325645
325645
325645
325645
325645
325645
325645
325645
313418
313418
313418
313418
313418
313418
313418
313418
313418
166738
166738
166738
166738
166738
190915
190915
190915
190915
190915
344678
344678
344678
344678
344678
177871
177871
177871
177871
177871
284655
284655
284655
284655
284655
294855
294855
294855
294855
294855
302944
302944
302944
302944
302944
285402
285402
285402
285402
285402
210012
210012
210012
210012
210012
297558
297558
297558
297558
297558
344175
344175
344175
344175
344175
166374
166374
166374
166374
166374
205476
205476
205476
205476
205476
302301
302301
302301
302301
302301
328175
328175
328175
328175
328175
287372
287372
297162
297162
337252
337252
196085
196085
332031
332031
198037
198037
209857
209857
209857
209857
209857
209857
209857
209857
209857
209857
165069
165069
165069
165069
165069
165069
165069
165069
165069
165069
299696
299696
299696
299696
299696
299696
299696
299696
299696
299696
299476
299476
299476
299476
299476
299476
299476
299476
299476
299476
297074
297074
297074
297074
297074
297074
297074
297074
297074
297074
305299
305299
305299
305299
305299
305299
305299
305299
305299
305299
304328
304328
304328
304328
304328
304328
304328
304328
304328
304328
185565
185565
185565
185565
185565
185565
185565
185565
185565
185565
258308
258308
258308
258308
258308
258308
258308
258308
258308
258308
256120
256120
256120
256120
256120
98767
98767
98767
98767
98767
282054
282054
282054
282054
282054
97989
97989
97989
97989
97989
101314
101314
101314
101314
101314
173708
173708
173708
173708
173708
98286
98286
98286
98286
98286
302343
302343
302343
302343
302343
302343
216157
216157
216157
216157
216157
216157
166372
166372
166372
166372
166372
166372
164689
164689
164689
164689
164689
164689
290155
290155
290155
290155
290155
290155
97338
97338
97338
97338
97338
97338
327255
327255
327255
327255
327255
161627
161627
161627
161627
161627
326694
326694
326694
326694
326694
165659
165659
165659
165659
165659
335144
335144
335144
335144
335144
98356
98356
98356
98356
98356
310119
310119
310119
310119
310119
321581
321581
321581
321581
321581
314751
314751
314751
314751
314751
318627
318627
318627
318627
318627
340781
340781
340781
340781
340781
207085
207085
207085
207085
207085
171781
171781
171781
171781
171781
290429
290429
353439
353439
341366
341366
311133
311133
288628
288628
354265
354265
295332
295332
93761
93761
299129
299129
152679
152679
158016
158016
158016
158016
158016
158016
158016
158016
158016
158016
283868
283868
283868
283868
283868
283868
283868
283868
283868
283868
333489
333489
333489
333489
333489
333489
333489
333489
333489
333489
307831
307831
307831
307831
307831
307831
307831
307831
307831
307831
306441
306441
306441
306441
306441
306441
306441
306441
306441
306441
150743
150743
150743
150743
150743
150743
150743
150743
150743
150743
304734
304734
304734
304734
304734
304734
304734
304734
304734
304734
168552
168552
168552
168552
168552
168552
168552
168552
168552
168552
102436
102436
102436
102436
102436
102436
102436
102436
102436
102436
349763
349763
349763
349763
349763
349763
349763
349763
349763
349763
170914
170914
170914
170914
170914
170914
170914
170914
170914
170914
296341
296341
296341
296341
296341
296341
296341
296341
296341
296341
315056
315056
315056
315056
315056
315056
315056
315056
315056
315056
154449
154449
154449
154449
154449
154449
154449
154449
154449
154449
123687
123687
123687
123687
123687
123687
123687
123687
123687
123687
323660
323660
323660
323660
323660
323660
323660
323660
323660
323660
290528
290528
290528
290528
300134
300134
300134
300134
324896
324896
324896
324896
322556
322556
322556
322556
337284
337284
337284
337284
229953
229953
229953
229953
284339
284339
284339
284339
174005
174005
174005
174005
198182
198182
198182
198182
345417
345417
345417
345417
350769
350769
350769
350769
204548
204548
204548
204548
204548
204548
204548
204548
204548
203344
203344
203344
203344
203344
203344
203344
203344
203344
323572
323572
323572
323572
323572
323572
323572
323572
323572
302308
302308
302308
302308
302308
302308
302308
302308
302308
343233
343233
343233
343233
343233
343233
343233
343233
343233
323833
323833
323833
323833
280750
280750
280750
280750
206012
206012
206012
206012
324677
324677
324677
324677
326834
326834
326834
326834
97887
97887
97887
97887
314844
314844
314844
96681
96681
96681
317690
317690
317690
102143
102143
102143
287586
287586
287586
326866
326866
326866
338600
338600
338600
333915
333915
333915
333915
168551
168551
168551
168551
289079
289079
289079
289079
309007
309007
309007
309007
291355
291355
291355
291355
315047
315047
315047
315047
94236
94236
94236
94236
293213
293213
293213
293213
174266
174266
174266
174266
296233
296233
296233
296233
98139
98139
98139
98139
315598
315598
315598
315598
348514
348514
348514
348514
348514
348514
348514
348514
348514
208794
208794
208794
208794
208794
208794
208794
208794
208794
318582
318582
318582
318582
318582
318582
318582
318582
318582
220299
220299
220299
220299
220299
220299
220299
220299
220299
163114
163114
163114
163114
163114
163114
163114
163114
163114
320731
320731
320731
320731
320731
320731
320731
320731
320731
281367
281367
281367
281367
281367
281367
281367
281367
281367
303253
303253
303253
303253
303253
303253
303253
303253
303253
335983
335983
335983
335983
335983
335983
335983
335983
335983
283839
283839
283839
283839
283839
283839
283839
283839
283839
302769
302769
302769
302769
302769
302769
302769
302769
302769
288151
288151
288151
288151
288151
288151
288151
288151
288151
338450
338450
338450
338450
338450
338450
94504
94504
94504
94504
94504
94504
102747
102747
102747
102747
102747
102747
96132
96132
96132
96132
96132
96132
169326
169326
169326
169326
169326
169326
316851
316851
316851
316851
316851
316851
356352
356352
356352
356352
356352
356352
339709
339709
339709
339709
339709
339709
208318
208318
208318
208318
208318
208318
356209
356209
356209
356209
356209
356209
152545
152545
152545
152545
152545
152545
171599
171599
171599
171599
171599
171599
291998
256372
166938
102764
213212
94250
168609
220969
176328
221684
98803
335357
335357
335357
175639
175639
175639
252408
252408
252408
306631
306631
306631
346484
346484
346484
162862
162862
162862
172104
172104
172104
353765
353765
353765
298356
298356
298356
295676
295676
295676
350105
350105
350105
312190
312190
312190
279947
318603
314509
291585
277411
209067
174369
174369
358787
358787
93241
93241
215426
215426
307247
307247
228205
228205
328435
328435
336375
336375
101365
101365
104990
104990
104990
104990
104990
104990
104990
299310
299310
299310
299310
299310
299310
299310
295616
295616
295616
295616
295616
295616
295616
359286
359286
359286
359286
359286
359286
359286
310242
310242
310242
310242
310242
310242
310242
350909
350909
350909
350909
350909
350909
350909
347734
347734
347734
347734
347734
347734
347734
328673
328673
328673
328673
328673
328673
328673
214896
214896
214896
214896
214896
219239
219239
219239
219239
219239
170793
170793
170793
170793
170793
95727
95727
95727
95727
95727
158588
158588
158588
158588
158588
103218
103218
103218
103218
103218
313181
313181
313181
313181
313181
253580
253580
253580
253580
253580
357950
357950
357950
357950
357950
352017
352017
352017
352017
352017
332508
332508
332508
332508
332508
174235
174235
174235
174235
174235
158618
158618
158618
158618
158618
356797
356797
356797
356797
356797
301030
301030
301030
302396
302396
302396
163145
163145
163145
98745
98745
98745
164470
164470
164470
314281
314281
314281
310858
310858
310858
310858
310858
310858
215204
215204
215204
215204
215204
215204
359245
359245
359245
359245
359245
359245
95236
95236
95236
95236
95236
95236
337835
337835
337835
337835
337835
337835
288512
288512
288512
288512
288512
288512
325742
325742
325742
325742
325742
325742
315587
315587
315587
315587
315587
315587
289744
289744
289744
289744
289744
289744
308864
308864
308864
308864
308864
308864
253300
253300
253300
253300
253300
253300
326922
326922
326922
326922
326922
326922
315328
315328
315328
315328
315328
315328
329104
329104
329104
329104
329104
329104
301566
301566
301566
301566
301566
301566
100525
100525
100525
100525
100525
100525
302129
302129
302129
302129
302129
302129
281255
281255
281255
281255
281255
281255
221650
221650
221650
221650
221650
221650
160750
160750
160750
160750
160750
160750
307326
307326
307326
307326
307326
307326
102929
102929
102929
102929
102929
102929
322329
322329
322329
322329
322329
322329
292524
292524
292524
292524
292524
292524
302145
302145
302145
302145
302145
302145
307325
307325
307325
307325
307325
307325
327720
327720
327720
327720
327720
327720
251806
251806
251806
251806
251806
251806
280642
280642
280642
280642
280642
280642
281139
281139
281139
281139
281139
281139
322196
322196
322196
322196
322196
322196
190799
190799
190799
190799
190799
190799
293332
293332
293332
293332
293332
293332
356164
356164
356164
356164
356164
356164
356164
343204
343204
343204
343204
343204
343204
343204
100293
100293
100293
100293
100293
100293
100293
317390
317390
317390
317390
317390
317390
317390
251519
251519
251519
251519
251519
251519
251519
324855
324855
324855
324855
324855
324855
324855
255016
255016
255016
255016
255016
255016
255016
97129
97129
97129
97129
97129
97129
97129
290059
290059
290059
290059
290059
290059
290059
355828
355828
355828
355828
355828
355828
355828
315503
315503
315503
315503
315503
315503
315503
166515
166515
166515
166515
166515
166515
166515
326740
326740
326740
326740
326740
326740
326740
287194
287194
287194
287194
287194
287194
287194
349169
349169
349169
349169
349169
349169
349169
97108
97108
97108
97108
97108
97108
97108
307465
307465
307465
307465
307465
307465
307465
316236
316236
316236
316236
316236
316236
316236
331803
331803
331803
331803
331803
331803
204608
204608
204608
204608
204608
204608
297017
297017
297017
297017
297017
297017
158394
158394
158394
158394
158394
158394
310865
310865
310865
310865
310865
310865
329276
329276
329276
329276
329276
329276
310333
310333
310333
310333
310333
310333
309675
309675
309675
309675
309675
309675
351275
351275
351275
351275
351275
351275
353013
353013
353013
353013
353013
353013
101447
101447
101447
101447
101447
101447
357502
357502
357502
357502
357502
357502
159264
159264
159264
159264
159264
159264
335911
335911
335911
335911
335911
335911
333708
333708
102982
102982
311627
311627
210497
210497
284474
285170
177209
98380
315949
186258
286853
282602
97521
194798
300018
300018
318880
318880
304998
304998
199953
199953
154312
154312
286305
286305
301184
301184
252307
252307
319850
319850
348229
348229
348229
348229
348229
324932
324932
324932
324932
324932
329610
329610
329610
329610
329610
156609
156609
156609
156609
156609
315947
315947
315947
315947
315947
290969
290969
290969
290969
290969
277653
277653
277653
277653
277653
96571
96571
96571
96571
96571
311816
311816
311816
311816
311816
307599
307599
307599
307599
307599
101358
101358
335128
335128
349229
349229
283082
283082
351246
351246
353003
353003
293078
293078
315341
315341
169479
169479
345119
345119
106930
106930
345468
345468
286799
286799
350178
350178
304570
304570
350099
350099
316103
316103
227644
227644
227644
227644
227644
227644
227644
185626
185626
185626
185626
185626
185626
185626
319674
319674
319674
319674
319674
319674
319674
320160
320160
320160
320160
320160
320160
320160
335366
335366
335366
335366
335366
335366
335366
356326
356326
356326
356326
356326
356326
356326
218118
218118
218118
218118
218118
218118
218118
100870
100870
100870
100870
100870
100870
100870
176357
176357
176357
176357
176357
176357
176357
214180
214180
214180
214180
214180
214180
214180
197093
197093
197093
197093
197093
197093
197093
355478
355478
355478
355478
355478
355478
355478
162544
162544
162544
162544
162544
162544
162544
188896
188896
188896
188896
188896
188896
188896
174588
174588
174588
174588
174588
174588
174588
306314
306314
306314
306314
306314
306314
306314
194887
194887
194887
194887
194887
194887
194887
342243
342243
342243
342243
342243
342243
342243
101220
101220
101220
101220
101220
101220
101220
214673
214673
214673
214673
214673
214673
214673
354032
354032
354032
354032
354032
354032
354032
292723
292723
292723
292723
292723
292723
292723
307874
307874
307874
307874
307874
307874
307874
254890
254890
254890
254890
254890
254890
254890
332652
332652
332652
332652
332652
332652
332652
308720
308720
308720
308720
308720
308720
308720
325574
325574
325574
325574
325574
325574
325574
320412
320412
320412
320412
320412
320412
320412
224965
224965
224965
224965
224965
224965
224965
154260
154260
154260
154260
154260
154260
154260
155444
155444
155444
155444
155444
155444
155444
295087
295087
295087
295087
295087
295087
295087
349818
349818
349818
349818
349818
349818
349818
94105
94105
94105
334088
334088
334088
166148
166148
166148
100920
100920
100920
282174
282174
282174
357927
357927
357927
298822
298822
298822
294763
294763
294763
323679
323679
323679
169160
169160
169160
164001
164001
164001
93718
93718
93718
283139
283139
283139
176962
176962
176962
299968
299968
299968
319354
319354
319354
276914
276914
276914
276914
276914
276914
276914
276914
220421
220421
220421
220421
220421
220421
220421
220421
342601
342601
342601
342601
342601
342601
342601
342601
294824
294824
294824
294824
294824
294824
294824
294824
295832
295832
295832
295832
295832
295832
295832
295832
356317
356317
356317
356317
356317
356317
356317
356317
305710
305710
305710
305710
305710
305710
305710
305710
287350
287350
287350
287350
287350
287350
287350
287350
336568
336568
336568
336568
336568
336568
336568
336568
172570
172570
172570
172570
172570
172570
172570
172570
295835
295835
295835
295835
295835
295835
295835
295835
94556
94556
94556
94556
94556
94556
94556
94556
331247
331247
331247
331247
331247
331247
331247
331247
287751
287751
287751
287751
287751
287751
287751
287751
95748
95748
95748
95748
95748
95748
95748
95748
192673
192673
192673
192673
192673
192673
192673
192673
227562
227562
227562
227562
227562
227562
227562
227562
348147
348147
348147
348147
348147
348147
348147
348147
304792
304792
304792
304792
304792
304792
304792
304792
280787
280787
280787
280787
280787
280787
280787
280787
99513
99513
99513
99513
99513
99513
99513
99513
95027
95027
95027
95027
95027
95027
95027
95027
292198
292198
292198
292198
292198
292198
292198
292198
152691
152691
152691
152691
152691
152691
152691
152691
93585
93585
93585
93585
93585
93585
93585
93585
302080
302080
302080
302080
302080
302080
302080
302080
300897
300897
300897
300897
300897
300897
300897
300897
308397
308397
308397
308397
308397
308397
308397
308397
329213
329213
329213
329213
329213
329213
329213
329213
294479
294479
294479
294479
294479
294479
294479
294479
307897
307897
307897
307897
307897
279795
279795
279795
279795
279795
93434
93434
93434
93434
93434
284677
284677
284677
284677
284677
316832
316832
316832
316832
316832
338067
338067
338067
338067
338067
346292
346292
346292
346292
346292
93246
93246
93246
93246
93246
287570
287570
287570
287570
287570
173860
173860
173860
173860
173860
319310
319310
319310
319310
319310
192898
192898
192898
192898
192898
281374
281374
281374
315902
315902
315902
289653
289653
289653
170482
170482
170482
321754
321754
321754
352521
352521
352521
225421
225421
225421
319767
319767
319767
221965
221965
221965
292944
292944
292944
313314
313314
313314
289086
289086
289086
321284
297202
281353
97646
308728
295695
200930
297135
199740
286270
92324
92324
92324
92324
92324
92324
92324
298373
298373
298373
298373
298373
298373
298373
95250
95250
95250
95250
95250
95250
95250
352638
352638
352638
352638
352638
352638
352638
288644
288644
288644
288644
288644
288644
288644
336845
336845
336845
336845
336845
336845
336845
344226
344226
344226
344226
344226
344226
344226
300055
300055
300055
300055
300055
300055
300055
100078
100078
100078
100078
100078
100078
100078
95147
95147
95147
95147
95147
95147
95147
96999
96999
96999
96999
96999
96999
96999
324827
324827
324827
324827
324827
324827
324827
323963
323963
323963
323963
323963
323963
323963
98859
98859
98859
98859
98859
98859
98859
325685
325685
325685
325685
325685
325685
325685
100746
100746
100746
100746
100746
100746
100746
224701
224701
224701
224701
224701
224701
224701
248669
248669
248669
248669
248669
248669
248669
342001
342001
342001
342001
342001
342001
342001
306609
306609
306609
306609
306609
306609
306609
189432
189432
189432
189432
189432
189432
189432
257666
257666
257666
257666
257666
257666
257666
312460
312460
312460
312460
312460
312460
312460
319531
319531
319531
319531
319531
319531
319531
284357
284357
284357
284357
284357
352031
352031
352031
352031
352031
320546
320546
320546
320546
320546
320612
320612
320612
320612
320612
300600
300600
300600
300600
300600
334794
334794
334794
334794
334794
331842
331842
331842
331842
331842
282194
282194
282194
282194
282194
342378
342378
342378
342378
342378
204631
204631
204631
204631
204631
204631
204631
204631
204631
352238
352238
352238
352238
352238
352238
352238
352238
352238
347733
347733
347733
347733
347733
347733
347733
347733
347733
94910
94910
94910
94910
94910
94910
94910
94910
94910
280557
280557
280557
280557
280557
280557
280557
280557
280557
163605
163605
163605
163605
163605
163605
163605
163605
163605
318904
318904
318904
318904
318904
318904
318904
318904
318904
323047
323047
323047
323047
323047
323047
323047
323047
323047
278904
278904
278904
278904
278904
278904
278904
278904
278904
209766
209766
209766
209766
209766
209766
209766
209766
209766
305734
305734
305734
305734
305734
305734
305734
305734
305734
158913
158913
158913
158913
158913
354851
354851
354851
354851
354851
95729
95729
95729
95729
95729
301441
301441
301441
301441
301441
321030
321030
321030
321030
321030
287049
287049
295568
295568
96905
96905
308757
308757
172108
172108
310886
310886
318662
318662
327373
327373
327373
327373
312030
312030
312030
312030
284865
284865
284865
284865
346947
346947
346947
346947
318107
318107
318107
318107
341546
341546
341546
341546
282146
282146
282146
282146
97535
97535
97535
97535
339949
339949
339949
339949
339949
339949
92654
92654
92654
92654
92654
92654
344481
344481
344481
344481
344481
344481
148174
148174
148174
148174
148174
148174
299014
299014
299014
299014
299014
299014
174903
174903
174903
174903
174903
174903
345904
345904
345904
345904
345904
198832
198832
198832
198832
198832
208681
208681
208681
208681
208681
96730
96730
96730
96730
96730
175245
175245
175245
175245
175245
201887
201887
201887
201887
201887
194936
194936
194936
194936
194936
175453
175453
175453
175453
175453
98948
98948
98948
98948
98948
229304
229304
229304
229304
229304
229304
229304
229304
229304
229304
229304
101997
101997
101997
101997
101997
101997
101997
101997
101997
101997
101997
291101
291101
291101
291101
291101
291101
291101
291101
291101
291101
291101
308937
308937
308937
308937
308937
308937
308937
308937
308937
308937
308937
92877
92877
92877
92877
92877
92877
92877
92877
92877
92877
92877
321493
321493
321493
321493
321493
321493
321493
321493
321493
321493
321493
320676
320676
320676
320676
320676
320676
320676
320676
320676
320676
320676
336977
336977
336977
336977
336977
336977
336977
336977
336977
336977
336977
153962
153962
153962
153962
153962
153962
153962
153962
153962
153962
153962
209366
209366
209366
209366
209366
209366
209366
209366
209366
209366
209366
322683
322683
322683
322683
322683
322683
322683
322683
322683
322683
322683
301564
301564
301564
301564
301564
301564
301564
301564
301564
301564
301564
323462
323462
323462
323462
323462
323462
323462
323462
323462
323462
323462
100393
100393
100393
100393
100393
100393
100393
100393
100393
100393
100393
333363
333363
333363
333363
333363
333363
333363
333363
333363
333363
333363
311554
311554
311554
311554
311554
310473
310473
310473
310473
310473
342730
342730
342730
342730
342730
293364
293364
293364
293364
293364
170230
170230
170230
170230
170230
95907
95907
95907
95907
95907
289937
289937
289937
289937
289937
98864
98864
98864
98864
95498
95498
95498
95498
350557
350557
350557
350557
320420
320420
320420
320420
184507
184507
184507
184507
99337
99337
99337
99337
149911
149911
149911
149911
282900
282900
282900
282900
96441
96441
96441
96441
295805
295805
295805
295805
347487
347487
347487
347487
294369
294369
294369
294369
297756
297756
297756
297756
322639
322639
322639
322639
359534
359534
359534
359534
190105
190105
190105
190105
325765
325765
325765
325765
106789
106789
106789
106789
352237
352237
352237
352237
294959
294959
294959
294959
359360
359360
359360
359360
333840
333840
333840
333840
191965
191965
191965
191965
349438
349438
349438
349438
311660
311660
311660
311660
314366
314366
314366
314366
338575
338575
338575
338575
316862
316862
316862
316862
169029
169029
169029
169029
331251
331251
331251
331251
342877
342877
342877
342877
336485
336485
336485
336485
219077
219077
219077
219077
339840
339840
339840
339840
339828
339828
339828
339828
96223
96223
96223
96223
296076
296076
296076
296076
317618
317618
317618
317618
317009
317009
317009
317009
339556
339556
339556
339556
92435
92435
92435
92435
172703
172703
172703
172703
318118
318118
318118
318118
347132
347132
347132
347132
347132
347132
303215
303215
303215
303215
303215
303215
199319
199319
199319
199319
199319
199319
349911
349911
349911
349911
349911
349911
93104
93104
93104
93104
93104
93104
254416
254416
254416
254416
254416
254416
305376
305376
305376
305376
305376
305376
204138
204138
204138
204138
204138
204138
309344
309344
309344
309344
309344
309344
302678
302678
302678
302678
302678
302678
223804
223804
223804
223804
223804
223804
294742
294742
294742
294742
294742
294742
172105
172105
172105
172105
172105
172105
210837
210837
210837
210837
210837
210837
348357
348357
348357
348357
348357
348357
341569
341569
341569
341569
341569
341569
350363
350363
350363
350363
350363
350363
217464
217464
217464
217464
217464
217464
296599
296599
296599
296599
296599
296599
153839
153839
153839
153839
153839
153839
352471
352471
352471
352471
352471
352471
322366
322366
322366
322366
322366
165468
165468
165468
165468
165468
191378
191378
191378
191378
191378
282929
282929
282929
282929
282929
250384
250384
250384
250384
250384
291035
291035
291035
291035
291035
323184
323184
323184
323184
323184
187204
187204
187204
187204
187204
163554
163554
163554
163554
163554
99526
99526
99526
99526
99526
169203
169203
169203
169203
169203
211687
211687
211687
211687
211687
312149
312149
312149
312149
312149
142737
142737
142737
142737
142737
99571
99571
99571
99571
99571
343143
343143
343143
343143
343143
325288
325288
325288
325288
325288
162049
162049
162049
162049
162049
286754
286754
286754
286754
286754
352756
352756
352756
352756
352756
346416
346416
346416
346416
346416
275534
275534
275534
275534
275534
339184
339184
339184
339184
339184
92503
324910
285770
304943
297935
99723
286866
299785
322705
341384
294961
163043
163043
297437
297437
169272
169272
96951
96951
96611
96611
156547
156547
95524
95524
162234
162234
194447
194447
202189
202189
304930
304930
334914
334914
334914
334914
323954
323954
323954
323954
187297
187297
187297
187297
282927
282927
282927
282927
304971
304971
304971
304971
293925
293925
293925
293925
160286
160286
160286
160286
164947
164947
164947
164947
187531
187531
187531
187531
205061
205061
205061
205061
354805
354805
354805
354805
98496
98496
98496
98496
285642
285642
285642
101544
101544
101544
166375
166375
166375
294573
294573
294573
174351
174351
174351
202548
202548
202548
296778
296778
296778
289336
289336
289336
329632
329632
329632
297834
297834
297834
102317
102317
102317
346349
346349
346349
209136
209136
209136
284987
284987
284987
94559
94559
94559
305574
305574
305574
157893
157893
157893
157893
157893
189644
189644
189644
189644
189644
92461
92461
92461
92461
92461
97652
97652
97652
97652
97652
173076
173076
173076
173076
173076
304330
304330
304330
304330
304330
195818
195818
195818
195818
195818
224671
224671
224671
224671
224671
96187
96187
96187
96187
96187
170668
170668
170668
170668
170668
170668
170668
170668
170668
170668
336759
336759
336759
336759
336759
336759
336759
336759
336759
336759
326872
326872
326872
326872
326872
326872
326872
326872
326872
326872
332936
332936
332936
332936
332936
332936
332936
332936
332936
332936
347974
347974
347974
347974
347974
347974
347974
347974
347974
347974
309923
309923
309923
309923
309923
309923
309923
309923
309923
309923
327959
327959
327959
327959
327959
327959
327959
327959
327959
327959
294779
294779
294779
294779
294779
294779
294779
294779
294779
294779
177845
177845
177845
177845
107021
107021
107021
107021
214661
214661
214661
214661
96355
96355
96355
96355
338446
338446
338446
338446
109364
109364
109364
109364
109364
109364
109364
109364
109364
109364
109364
109364
328744
328744
328744
328744
328744
328744
328744
328744
328744
328744
328744
328744
295806
295806
295806
295806
295806
295806
295806
295806
295806
295806
295806
295806
314044
314044
314044
314044
314044
314044
314044
314044
314044
314044
314044
314044
311118
311118
311118
311118
311118
311118
311118
311118
311118
311118
311118
311118
159885
159885
159885
159885
159885
159885
159885
159885
159885
159885
159885
159885
341149
341149
341149
341149
341149
341149
341149
341149
341149
341149
341149
341149
94729
94729
94729
94729
94729
94729
94729
94729
94729
94729
94729
94729
301293
301293
301293
301293
301293
301293
301293
301293
301293
301293
301293
301293
199462
199462
103100
103100
95206
95206
286970
286970
94586
94586
354095
354095
350176
350176
283294
283294
279955
279955
258216
258216
164557
164557
158026
158026
100947
100947
148341
148341
142762
142762
212150
212150
100207
100207
301618
301618
301618
97077
97077
97077
351067
351067
351067
327661
327661
327661
304700
304700
304700
319784
319784
319784
346503
346503
346503
297427
297427
297427
301274
301274
301274
319292
319292
319292
94619
94619
94619
296832
296832
296832
296832
296832
296832
162773
162773
162773
162773
162773
162773
147725
147725
147725
147725
147725
147725
100996
100996
100996
100996
100996
100996
349140
349140
349140
349140
349140
349140
283790
283790
283790
283790
283790
283790
338200
338200
338200
338200
338200
338200
190597
190597
190597
190597
190597
190597
99365
99365
99365
99365
99365
99365
106955
106955
106955
106955
106955
106955
323315
323315
323315
323315
323315
323315
93889
93889
93889
93889
93889
93889
323008
323008
323008
323008
323008
323008
149874
149874
149874
340816
340816
340816
302531
302531
302531
159417
159417
159417
335861
335861
335861
301335
301335
301335
93038
93038
93038
326014
326014
326014
102719
102719
102719
326224
326224
326224
349618
349618
349618
187162
187162
187162
199826
199826
199826
315651
315651
315651
95479
95479
95479
325879
325879
325879
199459
199459
199459
304561
304561
304561
331160
331160
331160
303194
303194
303194
308835
308835
308835
92860
92860
92860
206066
206066
206066
174867
174867
174867
217312
217312
217312
301767
301767
301767
109384
109384
109384
172852
172852
172852
172852
172852
171210
171210
171210
171210
171210
345498
345498
345498
345498
345498
306015
306015
306015
306015
306015
335481
335481
335481
335481
335481
291442
291442
291442
291442
291442
171489
171489
171489
171489
171489
292762
292762
292762
292762
292762
187082
187082
187082
187082
187082
296378
296378
296378
296378
296378
357958
357958
357958
357958
357958
288694
288694
288694
288694
288694
228138
228138
228138
228138
228138
307484
307484
307484
307484
307484
218088
218088
218088
218088
218088
165475
165475
165475
165475
165475
163796
163796
163796
163796
163796
312994
312994
312994
312994
312994
158187
158187
158187
158187
158187
161592
161592
161592
161592
161592
102918
102918
102918
102918
102918
185587
185587
185587
185587
185587
97565
97565
97565
97565
97565
293056
293056
293056
293056
293056
215762
215762
215762
215762
215762
97842
97842
97842
97842
97842
290393
290393
290393
290393
290393
300518
300518
300518
300518
300518
100933
100933
100933
100933
100933
166000
166000
166000
166000
166000
159225
159225
159225
159225
159225
94768
94768
94768
94768
94768
336793
336793
336793
336793
336793
313798
313798
313798
313798
313798
170204
170204
170204
170204
170204
353340
353340
353340
353340
353340
309995
309995
309995
309995
309995
340955
340955
340955
340955
340955
340955
340955
340955
174869
174869
174869
174869
174869
174869
174869
174869
358709
358709
358709
358709
358709
358709
358709
358709
189044
189044
189044
189044
189044
189044
189044
189044
106941
106941
106941
106941
106941
106941
106941
106941
94518
94518
94518
94518
94518
94518
94518
94518
295967
295967
295967
295967
295967
295967
295967
295967
289032
289032
289032
289032
289032
289032
289032
289032
301633
301633
301633
301633
301633
301633
301633
301633
309127
309127
309127
309127
309127
309127
309127
309127
96296
96296
96296
96296
96296
96296
96296
96296
358347
358347
358347
358347
358347
358347
358347
358347
227641
227641
227641
227641
227641
227641
227641
227641
335832
335832
335832
335832
282992
282992
282992
282992
93666
93666
93666
93666
103422
103422
103422
103422
293839
293839
293839
293839
338027
338027
338027
338027
351146
351146
351146
351146
332776
332776
332776
332776
314807
314807
314807
314807
201168
201168
201168
201168
344355
344355
344355
344355
344355
344355
344355
344355
283973
283973
283973
283973
283973
283973
283973
283973
292370
292370
292370
292370
292370
292370
292370
292370
297011
297011
297011
297011
297011
297011
297011
297011
332605
332605
332605
332605
332605
332605
332605
332605
323733
323733
323733
323733
323733
323733
323733
323733
303228
303228
303228
303228
336808
336808
336808
336808
359653
359653
359653
359653
285937
285937
285937
285937
197885
197885
197885
197885
342952
342952
342952
342952
331409
331409
331409
331409
193743
193743
193743
193743
163851
163851
163851
163851
331721
331721
331721
331721
331721
331721
326639
326639
326639
326639
326639
326639
103305
103305
103305
103305
103305
103305
334069
334069
334069
334069
334069
334069
316690
316690
316690
316690
316690
316690
313414
313414
313414
313414
313414
313414
161940
161940
161940
161940
161940
161940
301338
301338
301338
301338
301338
301338
289055
289055
289055
289055
289055
289055
308708
308708
308708
308708
308708
308708
293416
293416
293416
293416
293416
293416
329344
329344
329344
329344
329344
329344
92478
92478
92478
92478
92478
92478
160384
160384
160384
160384
160384
160384
299838
299838
299838
299838
299838
299838
340140
340140
340140
340140
340140
340140
343878
343878
343878
343878
343878
343878
289625
289625
289625
289625
289625
289625
177404
177404
177404
177404
177404
177404
312765
312765
312765
312765
312765
312765
335538
335538
335538
335538
335538
335538
98025
98025
98025
98025
98025
98025
299718
299718
299718
299718
299718
299718
339432
339432
339432
339432
339432
339432
309914
309914
309914
309914
309914
309914
164365
164365
164365
99115
99115
99115
306838
306838
306838
282453
282453
282453
351335
351335
351335
302780
302780
302780
99521
99521
99521
95953
95953
95953
345178
345178
345178
201884
201884
201884
160881
160881
160881
175452
175452
175452
175452
175452
175452
286939
286939
286939
286939
286939
286939
311286
311286
311286
311286
311286
311286
287163
287163
287163
287163
287163
287163
283608
283608
283608
283608
283608
283608
289875
289875
289875
289875
289875
289875
299136
299136
299136
299136
299136
299136
282806
282806
282806
282806
282806
282806
193686
193686
193686
193686
193686
193686
278056
278056
278056
278056
278056
278056
286446
286446
286446
286446
286446
286446
100968
100968
100968
100968
100968
100968
334179
334179
334179
334179
334179
334179
312655
312655
312655
312655
312655
312655
177388
177388
177388
177388
177388
177388
325366
325366
325366
325366
325366
325366
95002
95002
95002
95002
95002
95002
278524
278524
278524
336000
336000
336000
283757
283757
283757
200212
200212
200212
185582
185582
185582
340713
340713
340713
289988
289988
289988
310739
310739
310739
286771
287753
93008
283220
283220
283220
149851
149851
149851
164601
164601
164601
93475
93475
93475
336489
336489
336489
193691
193691
193691
287538
287538
287538
191707
191707
191707
204275
92458
159352
93514
174375
169749
158202
170240
170240
306000
306000
200021
200021
323435
323435
192027
192027
337383
337383
337383
332409
332409
332409
302768
302768
302768
327470
327470
327470
348116
348116
348116
316916
316916
316916
184886
184886
184886
96533
96533
96533
284427
284427
284427
289786
289786
289786
344321
344321
344321
344321
344321
344321
154279
154279
154279
154279
154279
154279
210559
210559
210559
210559
210559
210559
356852
356852
356852
356852
356852
356852
92856
92856
92856
92856
92856
92856
309372
309372
309372
309372
309372
309372
94418
94418
94418
94418
94418
94418
337309
337309
337309
337309
337309
337309
98042
98042
98042
98042
98042
98042
317127
317127
317127
317127
317127
317127
280653
280653
280653
280653
280653
280653
302400
302400
302400
302400
302400
302400
326545
326545
326545
326545
326545
307320
307320
307320
307320
307320
164215
164215
164215
164215
164215
310912
310912
310912
310912
310912
304263
304263
304263
304263
304263
160098
160098
160098
160098
160098
310129
310129
310129
310129
310129
95461
95461
95461
95461
95461
299345
299345
299345
299345
299345
171849
171849
171849
171849
171849
201642
201642
201642
201642
201642
281911
281911
281911
281911
281911
281911
311116
311116
311116
311116
311116
311116
357531
357531
357531
357531
357531
357531
323577
323577
323577
323577
323577
323577
289174
289174
289174
289174
289174
289174
353498
353498
353498
353498
353498
353498
345131
345131
345131
345131
345131
345131
97661
97661
97661
97661
97661
97661
325354
325354
325354
325354
325354
325354
359042
359042
359042
359042
359042
359042
204768
204768
204768
204768
204768
204768
200771
200771
200771
200771
200771
200771
200771
286645
286645
286645
286645
286645
286645
286645
93253
93253
93253
93253
93253
93253
93253
188829
188829
188829
188829
188829
188829
188829
94623
94623
94623
94623
94623
94623
94623
287639
287639
287639
287639
287639
287639
287639
355616
355616
355616
355616
355616
355616
355616
300987
300987
300987
177071
177071
177071
210813
210813
210813
343595
343595
343595
208669
208669
208669
306056
306056
306056
93668
93668
93668
313379
313379
313379
92884
92884
92884
172586
172586
172586
255741
255741
255741
303363
303363
303363
303363
303363
303363
303363
303363
190398
190398
190398
190398
190398
190398
190398
190398
220748
220748
220748
220748
220748
220748
220748
220748
309588
309588
309588
309588
309588
309588
309588
309588
303971
303971
303971
303971
303971
303971
303971
303971
197464
197464
197464
197464
197464
197464
197464
197464
342608
342608
342608
342608
342608
342608
342608
342608
358979
358979
358979
358979
358979
358979
358979
358979
299825
299825
299825
299825
299825
299825
299825
299825
329528
329528
329528
329528
329528
329528
329528
329528
353859
353859
353859
353859
353859
353859
353859
353859
96817
96817
96817
96817
96817
249805
249805
249805
249805
249805
348173
348173
348173
348173
348173
325310
325310
325310
325310
325310
284043
284043
284043
284043
284043
289037
289037
289037
289037
289037
177694
177694
177694
177694
177694
319973
319973
319973
319973
319973
313346
313346
313346
313346
313346
160331
160331
160331
160331
160331
162945
162945
162945
162945
162945
301430
301430
301430
301430
301430
153984
153984
153984
153984
354728
354728
354728
354728
295257
295257
295257
295257
177550
177550
177550
177550
212565
212565
212565
212565
286699
286699
286699
286699
350038
350038
350038
350038
98772
98772
98772
98772
164531
164531
164531
164531
164531
164531
313518
313518
313518
313518
313518
313518
355789
355789
355789
355789
355789
355789
354992
354992
354992
354992
354992
354992
201200
201200
201200
201200
201200
201200
161705
161705
161705
161705
161705
161705
349177
349177
349177
349177
349177
349177
228187
228187
228187
228187
228187
228187
98719
98719
98719
98719
98719
98719
322890
322890
322890
322890
322890
322890
212339
212339
212339
212339
212339
212339
217395
217395
217395
217395
217395
217395
186499
186499
186499
186499
186499
186499
353732
353732
353732
353732
353732
353732
175939
175939
175939
175939
175939
175939
305332
305332
305332
305332
305332
305332
316685
316685
316685
316685
316685
316685
292354
292354
292354
292354
292354
292354
354468
354468
354468
354468
354468
354468
94257
94257
94257
94257
94257
94257
123509
123509
123509
123509
123509
123509
338283
338283
338283
338283
338283
338283
159888
159888
159888
159888
159888
159888
296466
296466
296466
296466
296466
296466
296466
300850
300850
300850
300850
300850
300850
300850
320429
320429
320429
320429
320429
320429
320429
201955
201955
201955
201955
201955
201955
201955
296088
296088
296088
296088
296088
296088
296088
352147
352147
352147
352147
352147
352147
352147
190030
190030
190030
190030
190030
190030
190030
99743
99743
99743
99743
99743
99743
99743
167756
167756
167756
167756
167756
167756
167756
290061
290061
290061
290061
290061
290061
290061
348312
348312
348312
348312
348312
348312
348312
325786
325786
325786
325786
325786
325786
325786
283217
283217
283217
283217
283217
283217
283217
321351
321351
321351
321351
321351
321351
321351
344184
344184
344184
344184
344184
344184
344184
287517
287517
287517
287517
287517
287517
287517
292988
292988
292988
292988
292988
292988
343006
343006
343006
343006
343006
343006
102282
102282
102282
102282
102282
102282
357787
357787
357787
357787
357787
357787
176192
176192
176192
176192
176192
176192
288174
288174
288174
288174
288174
288174
305572
305572
305572
305572
305572
305572
299994
299994
299994
299994
299994
299994
152643
152643
152643
152643
152643
152643
255359
255359
255359
255359
255359
255359
175266
175266
175266
175266
175266
175266
169429
169429
169429
169429
169429
169429
171825
171825
171825
171825
171825
171825
316883
316883
316883
316883
316883
316883
100835
100835
100835
100835
100835
100835
336655
336655
336655
336655
336655
336655
323042
323042
323042
323042
323042
323042
278147
278147
278147
278147
278147
278147
173166
173166
173166
173166
173166
162425
162425
162425
162425
162425
159364
159364
159364
159364
159364
97258
97258
97258
97258
97258
253014
253014
253014
253014
253014
213103
213103
213103
213103
213103
98855
98855
98855
98855
98855
311686
311686
311686
348255
348255
348255
307591
307591
307591
306592
306592
306592
296573
296573
296573
310476
310476
310476
290396
290396
290396
98158
98158
98158
328926
328926
328926
281657
281657
281657
249430
249430
249430
290091
290091
290091
290091
290091
290091
290091
290091
160249
160249
160249
160249
160249
160249
160249
160249
359600
359600
359600
359600
359600
359600
359600
359600
149736
149736
149736
149736
149736
149736
149736
149736
170103
170103
170103
170103
170103
170103
170103
170103
304509
304509
304509
304509
304509
304509
304509
304509
324817
324817
324817
324817
324817
324817
324817
324817
313118
313118
313118
313118
313118
313118
313118
313118
98252
98252
98252
98252
98252
98252
98252
98252
312898
312898
312898
312898
312898
312898
312898
312898
333420
333420
333420
333420
333420
333420
333420
333420
206825
206825
206825
206825
206825
206825
206825
206825
202503
202503
202503
202503
202503
202503
202503
202503
281776
281776
281776
281776
281776
281776
281776
281776
106898
106898
106898
106898
106898
106898
106898
106898
329677
329677
329677
329677
329677
329677
329677
329677
159350
159350
159350
159350
159350
159350
159350
159350
346767
346767
346767
346767
346767
346767
346767
346767
215233
215233
215233
215233
215233
215233
215233
215233
99360
99360
99360
99360
99360
99360
99360
99360
351477
351477
351477
351477
351477
351477
351477
351477
209401
209401
209401
209401
209401
209401
209401
209401
353328
353328
353328
353328
353328
353328
353328
353328
287392
287392
287392
287392
287392
287392
287392
287392
317694
317694
317694
317694
317694
317694
317694
317694
105224
105224
105224
105224
105224
105224
105224
105224
283980
283980
283980
283980
283980
283980
283980
283980
92534
92534
165702
165702
341669
341669
158623
158623
193733
193733
327564
327564
327564
327564
327564
327564
327564
327564
327564
142868
142868
142868
142868
142868
142868
142868
142868
142868
303462
303462
303462
303462
303462
303462
303462
303462
303462
344754
344754
344754
344754
344754
344754
344754
344754
344754
95373
95373
95373
95373
95373
95373
95373
95373
95373
98269
98269
98269
98269
98269
98269
98269
98269
98269
359785
359785
359785
359785
359785
359785
359785
359785
359785
165967
165967
165967
165967
165967
165967
165967
165967
165967
287856
287856
287856
287856
287856
287856
287856
287856
287856
283493
283493
283493
283493
283493
283493
283493
283493
283493
352435
352435
352435
352435
352435
352435
352435
352435
352435
344342
344342
344342
344342
344342
344342
344342
344342
344342
286318
286318
286318
286318
286318
286318
286318
286318
286318
172517
172517
172517
172517
172517
172517
172517
172517
172517
314220
314220
314220
314220
314220
314220
314220
314220
314220
287183
287183
287183
287183
287183
287183
287183
287183
287183
312098
312098
312098
312098
312098
312098
312098
312098
312098
93180
93180
93180
93180
93180
93180
93180
93180
93180
293317
293317
293317
293317
293317
293317
293317
293317
293317
165241
165241
165241
165241
165241
165241
165241
165241
165241
327401
327401
327401
327401
327401
327401
327401
327401
327401
338092
338092
338092
338092
338092
338092
220627
220627
220627
220627
220627
220627
322277
322277
322277
322277
322277
322277
318785
318785
318785
318785
318785
318785
305542
305542
305542
305542
305542
305542
187334
187334
187334
187334
187334
187334
206719
206719
206719
206719
206719
206719
326611
326611
326611
326611
326611
326611
344590
344590
344590
344590
344590
344590
93664
93664
93664
93664
93664
93664
299267
299267
299267
299267
211717
211717
211717
211717
100039
100039
100039
100039
327351
327351
327351
327351
301495
301495
301495
301495
142670
142670
142670
142670
306839
306839
306839
306839
95008
95008
95008
95008
160745
160745
160745
160745
93367
93367
93367
93367
105531
105531
105531
105531
279316
279316
279316
279316
165422
165422
165422
165422
165422
305875
305875
305875
305875
305875
293010
293010
293010
293010
293010
170776
170776
170776
170776
170776
348097
348097
348097
348097
348097
173054
173054
173054
173054
173054
307603
307603
307603
307603
307603
100073
100073
100073
100073
100073
342666
342666
342666
342666
342666
320127
320127
320127
320127
320127
333962
333962
333962
333962
333962
333962
92397
92397
92397
92397
92397
92397
335529
335529
335529
335529
335529
335529
290731
290731
290731
290731
297877
297877
297877
297877
189876
189876
189876
189876
304824
304824
304824
304824
352846
352846
352846
352846
322041
322041
322041
322041
298351
298351
298351
298351
298351
344476
344476
344476
344476
344476
281762
281762
281762
281762
281762
308744
308744
308744
308744
308744
198636
198636
198636
198636
198636
326030
326030
326030
326030
326030
160688
160688
160688
160688
100193
100193
100193
100193
250035
250035
250035
250035
204084
204084
204084
204084
359146
359146
359146
359146
98874
98874
98874
98874
109446
109446
109446
109446
109446
109446
109446
109446
109446
332887
332887
332887
332887
332887
332887
332887
332887
332887
98259
98259
98259
98259
98259
98259
98259
98259
98259
333157
333157
333157
333157
333157
333157
333157
333157
333157
166032
166032
166032
166032
166032
166032
166032
166032
166032
339195
339195
339195
339195
339195
339195
339195
339195
339195
103230
103230
103230
103230
103230
103230
103230
103230
103230
279719
279719
279719
279719
279719
279719
279719
279719
279719
170248
170248
170248
170248
170248
170248
170248
170248
170248
283117
283117
283117
283117
283117
283117
283117
283117
283117
347164
347164
347164
347164
347164
347164
347164
347164
347164
160541
160541
160541
191534
191534
191534
285766
285766
285766
99501
99501
99501
186655
186655
186655
253529
253529
253529
336696
336696
336696
339390
339390
339390
278807
278807
278807
319805
319805
319805
318231
318231
318231
158223
158223
158223
174217
174217
174217
199914
199914
295075
295075
224458
224458
321102
321102
252830
252830
93571
93571
295768
295768
330749
330749
214221
214221
338152
338152
328945
328945
306450
306450
356353
356353
303197
303197
146720
318083
291745
323102
346506
154050
335340
302996
302996
302996
302996
302996
302996
302996
302996
302996
302279
302279
302279
302279
302279
302279
302279
302279
302279
100236
100236
100236
100236
100236
100236
100236
100236
100236
334748
334748
334748
334748
334748
334748
334748
334748
334748
315077
315077
315077
315077
315077
315077
315077
315077
315077
289718
289718
289718
289718
289718
289718
289718
289718
289718
166973
166973
166973
166973
166973
166973
166973
166973
166973
155337
155337
155337
155337
155337
155337
155337
155337
155337
291410
291410
291410
291410
291410
291410
291410
291410
291410
217972
217972
217972
217972
217972
217972
217972
217972
217972
339537
339537
339537
339537
339537
339537
339537
339537
339537
194417
194417
194417
194417
194417
194417
194417
194417
194417
358649
358649
358649
358649
358649
358649
358649
358649
358649
170961
170961
170961
170961
170961
206409
206409
206409
206409
206409
327013
327013
327013
327013
327013
325204
325204
325204
325204
325204
209508
209508
209508
209508
209508
163284
163284
163284
163284
163284
324936
324936
324936
324936
324936
305180
305180
305180
305180
305180
312493
312493
312493
312493
312493
282116
282116
282116
282116
282116
292712
292712
292712
292712
292712
307218
307218
307218
307218
307218
194339
194339
194339
194339
194339
347005
347005
347005
347005
347005
333371
333371
333371
333371
333371
208519
208519
208519
208519
208519
285775
285775
285775
285775
285775
333388
333388
333388
333388
333388
335984
335984
335984
335984
335984
168837
168837
168837
168837
168837
311556
311556
311556
311556
311556
283762
283762
283762
283762
283762
279124
279124
279124
279124
279124
257479
257479
257479
257479
257479
300041
300041
300041
300041
300041
278800
278800
278800
278800
278800
292515
292515
292515
292515
292515
103252
103252
103252
103252
103252
290620
290620
290620
290620
290620
291269
291269
291269
291269
291269
158201
158201
158201
158201
158201
94079
94079
94079
94079
94079
310719
310719
310719
310719
310719
174053
174053
174053
174053
174053
294476
294476
294476
294476
294476
318824
318824
318824
318824
318824
93195
93195
211160
211160
159954
159954
342104
342104
348124
348124
162973
162973
170626
170626
347725
347725
191957
191957
159741
159741
99455
99455
99455
99455
293138
293138
293138
293138
353303
353303
353303
353303
316611
316611
316611
316611
340214
340214
340214
340214
350076
350076
350076
350076