24059
24060
24061
24062
24063
24064
24065
24066
24067
24068
24069
24081
24082
24083
24084
24085
24086
24087
24088
24089
24107
24114
24115
24116
24117
24118
24119
24120
24121
24122
24123
24124
24125
24126
24127
24128
24129
24130
24131
24132
24143
24144
24145
24146
24147
24165
24166
24183
24184
24197
24198
24199
24200
24201
24202
24203
24204
24205
24207
24212
24213
24214
24215
24216
24217
24218
24219
24220
24221
24222
24223
24224
24225
24226
24227
24228
24229
24230
24237
24238
24239
24240
24241
24242
24243
24254
24255
24256
24257
24258
24259
24267
24268
24269
24270
24271
24272
24273
24277
24297
24298
24299
24300
24301
24302
24303
24304
24305
24306
24307
24308
24309
24310
24311
24312
24313
24314
24315
24316
24317
24318
24319
24320
24321
24322
24323
24324
24325
24343
24344
24345
24346
24347
24348
24349
24370
24371
24372
24373
24374
24375
24376
24377
24378
24379
24380
24381
24382
24383
24384
24385
24386
24387
24398
24399
24400
24401
24402
24403
24404
24405
24406
24407
24408
24409
24410
24418
24419
24420
24421
24422
24423
24424
24425
24426
24427
24428
24429
24430
24431
24432
24433
24434
24435
24436
24437
24452
24453
24454
24455
24456
24457
24458
24459
24460
24461
24462
24469
24470
24471
24472
24473
24475
24495
24496
24497
24498
24499
24500
24501
24502
24503
24510
24511
24512
24513
24514
24515
24516
24519
24520
24521
24522
24523
24524
24525
24526
24527
24528
24529
24530
24531
24532
24533
24539
24540
24541
24542
24543
24544
24545
24546
24547
24548
24549
24550
24551
24552
24553
24554
24555
24556
24557
24573
24574
24586
24587
24588
24589
24590
24591
24592
24593
24594
24595
24596
24597
24598
24599
24600
24601
24602
24603
24604
24613
24614
24616
24617
24618
24619
24620
24629
24630
24631
24632
24633
24634
24635
24636
24637
24638
24639
24640
24641
24642
24647
24648
24649
24650
24651
24652
24653
24654
24655
24656
24657
24658
24659
24660
24661
24662
24666
24667
24668
24669
24670
24671
24672
24684
24685
24686
24687
24688
24689
24690
24691
24692
24693
24694
24698
24699
24700
24701
24702
24703
24704
24705
24706
24707
24708
24709
24710
24711
24712
24713
24714
24715
24716
24722
24723
24724
24725
24726
24727
24728
24730
24731
24732
24733
24734
24735
24736
24737
24738
24739
24757
24758
24759
24760
24761
24762
24763
24764
24765
24766
24767
24768
24789
24790
24791
24792
24793
24794
24795
24796
24797
24798
24799
24800
24803
24805
24806
24807
24809
24813
24814
24815
24816
24817
24818
24819
24820
24824
24825
24826
24844
24845
24846
24847
24848
24849
24858
24859
24860
24861
24862
24863
24864
24865
24875
24876
24877
24878
24879
24880
24882
24888
24889
24890
24891
24892
24893
24894
24895
24896
24897
24909
24910
24911
24912
24913
24914
24915
24916
24917
24918
24919
24920
24928
24929
24930
24939
24940
24941
24942
24943
24944
24945
24946
24947
24948
24953
24954
24955
24956
24957
24958
24959
24967
24971
24972
24973
24974
24975
24976
24977
24978
24979
24980
25000
25001
25002
25003
25004
25005
25006
25007
25008
25010
25011
25012
25013
25014
25015
25016
25017
25018
25019
25020
25021
25022
25023
25024
25025
25026
25027
25028
25045
25046
25047
25048
25049
25050
25051
25052
25053
25054
25055
25056
25057
25058
25059
25063
25064
25065
25066
25067
25068
25069
25070
25071
25072
25073
25074
25075
25076
25077
25078
25079
25080
25081
25089
25090
25095
25096
25097
25098
25099
25100
25101
25102
25103
25119
25120
25121
25122
25123
25124
25125
25126
25127
25128
25129
25130
25131
25132
25133
25134
25135
25136
25137
25152
25153
25154
25156
25157
25169
25170
25171
25172
25173
25174
25175
25176
25177
25178
25179
25180
25181
25187
25188
25189
25191
25192
25193
25194
25199
25200
25201
25202
25203
25204
25205
25206
25207
25208
25209
25210
25211
25212
25229
25230
25231
25232
25233
25234
25235
25236
25237
25238
25239
25240
25243
25244
25267
25268
25269
25270
25271
25272
25273
25274
25275
25276
25277
25278
25279
25280
25293
25294
25295
25301
25302
25303
25304
25305
25306
25307
25308
25309
25310
25311
25312
25313
25314
25315
25317
25318
25319
25320
25321
25322
25323
25324
25325
25326
25327
25328
25329
25330
25331
25332
25333
25334
25335
25336
25337
25338
25345
25346
25347
25348
25349
25350
25351
25352
25353
25354
25355
25356
25357
25358
25359
25366
25367
25368
25369
25370
25371
25372
25373
25374
25375
25376
25377
25378
25387
25388
25389
25390
25391
25392
25393
25394
25395
25396
25397
25398
25399
25400
25401
25402
25413
25414
25415
25416
25417
25418
25419
25420
25421
25422
25423
25424
25425
25442
25443
25444
25445
25446
25447
25448
25449
25450
25451
25452
25453
25454
25455
25456
25457
25458
25459
25460
25461
25462
25463
25464
25465
25466
25467
25468
25469
25470
25471
25472
25473
25492
25493
25494
25495
25496
25497
25498
25499
25500
25501
25502
25503
25506
25507
25508
25509
25510
25511
25512
25513
25514
25515
25532
25533
25534
25535
25536
25537
25538
25539
25546
25547
25548
25549
25550
25551
25552
25553
25554
25555
25556
25557
25558
25559
25560
25561
25562
25563
25564
25584
25594
25595
25596
25597
25598
25606
25607
25608
25609
25610
25611
25612
25613
25614
25630
25631
25632
25633
25634
25635
25636
25637
25638
25639
25648
25649
25650
25651
25652
25653
25654
25655
25656
25657
25658
25659
25660
25667
25668
25669
25670
25671
25672
25673
25674
25675
25679
25680
25681
25682
25688
25689
25690
25691
25692
25693
25713
25714
25715
25716
25717
25718
25719
25720
25721
25724
25725
25726
25727
25742
25743
25744
25745
25746
25750
25751
25752
25753
25754
25755
25756
25757
25758
25767
25768
25769
25770
25771
25781
25782
25783
25784
25785
25786
25787
25788
25789
25790
25791
25792
25793
25794
25795
25796
25807
25818
25819
25820
25821
25822
25823
25824
25825
25826
25827
25828
25829
25830
25831
25832
25833
25841
25855
25856
25857
25858
25859
25860
25861
25862
25863
25864
25865
25866
25867
25868
25869
25888
25889
25890
25904
25905
25906
25907
25908
25909
25910
25911
25912
25913
25914
25915
25916
25926
25927
25928
25929
25930
25931
25932
25933
25934
25935
25936
25956
25957
25958
25959
25960
25961
25962
25963
25964
25965
25966
25967
25968
25969
25970
25971
25972
25990
25991
25992
25993
25994
25995
25996
25997
25998
25999
26000
26001
26002
26003
26004
26005
26006
26008
26029
26030
26031
26032
26033
26034
26035
26036
26037
26038
26039
26040
26041
26042
26051
26052
26053
26054
26055
26056
26057
26058
26073
26074
26075
26076
26077
26078
26079
26080
26081
26082
26083
26084
26085
26086
26087
26088
26089
26106
26107
26108
26109
26110
26111
26112
26113
26114
26123
26124
26125
26126
26127
26128
26129
26130
26131
26132
26133
26154
26155
26156
26157
26158
26159
26160
26161
26162
26163
26164
26165
26166
26167
26168
26176
26177
26178
26179
26180
26181
26182
26183
26184
26185
26186
26187
26193
26194
26195
26196
26197
26198
26199
26200
26201
26202
26203
26204
26205
26206
26207
26208
26209
26210
26211
26212
26216
26217
26218
26219
26220
26221
26222
26223
26224
26225
26226
26227
26231
26232
26233
26234
26235
26253
26254
26255
26257
26273
26274
26279
26280
26281
26282
26283
26284
26285
26286
26287
26288
26289
26290
26291
26292
26293
26294
26295
26296
26309
26310
26311
26312
26313
26314
26315
26316
26317
26318
26319
26320
26321
26322
26323
26324
26325
26329
26340
26341
26342
26343
26344
26345
26346
26347
26349
26350
26360
26361
26362
26381
26382
26387
26388
26389
26390
26391
26392
26393
26394
26395
26396
26397
26413
26414
26415
26416
26417
26418
26419
26420
26421
26422
26423
26424
26425
26426
26427
26428
26429
26444
26461
26462
26463
26464
26465
26466
26467
26481
26482
26483
26484
26485
26486
26487
26488
26489
26490
26491
26492
26493
26494
26495
26496
26510
26511
26512
26513
26514
26515
26516
26517
26518
26519
26520
26521
26522
26532
26533
26534
26535
26551
26552
26553
26554
26555
26556
26568
26569
26570
26577
26578
26579
26580
26581
26582
26583
26584
26585
26586
26587
26588
26589
26590
26591
26592
26593
26595
26596
26597
26598
26599
26600
26601
26602
26603
26604
26605
26606
26607
26608
26609
26610
26611
26612
26615
26616
26617
26618
26619
26620
26621
26622
26623
26624
26625
26626
26627
26644
26645
26647
26648
26650
26651
26652
26668
26701
26702
26703
26704
26705
26706
26707
26708
26709
26710
26711
26712
26713
26714
26715
26716
26717
26718
26719
26732
26740
26741
26742
26743
26744
26754
26755
26756
26757
26770
26771
26772
26773
26786
26787
26788
26789
26790
26791
26801
26802
26803
26804
26805
26806
26807
26808
26809
26810
26811
26812
26813
26814
26815
26816
26817
26825
26826
26827
26828
26829
26830
26831
26832
26833
26834
26835
26836
26837
26838
26839
26841
26846
26847
26848
26849
26850
26851
26852
26853
26854
26855
26856
26857
26858
26859
26860
26861
26862
26863
26864
26871
26872
26873
26874
26875
26876
26877
26878
26879
26880
26881
26882
26883
26884
26885
26886
26887
26888
26889
26890
26891
26892
26893
26894
26902
26904
26918
26919
26920
26921
26934
26935
26936
26937
26938
26939
26940
26941
26942
26943
26944
26964
26965
26966
26967
26968
26969
26970
26971
26972
26976
26977
26978
26979
26980
26981
26986
26987
26988
27000
27020
27021
27022
27023
27024
27025
27026
27027
27028
27029
27030
27031
27032
27033
27034
27035
27036
27044
27045
27046
27047
27048
27049
27050
27051
27052
27053
27054
27055
27056
27057
27058
27059
27060
27061
27075
27076
27077
27078
27079
27080
27081
27082
27083
27084
27085
27086
27087
27088
27089
27090
27091
27110
27129
27130
27131
27132
27133
27134
27135
27136
27137
27138
27139
27140
27141
27142
27143
27144
27153
27154
27155
27156
27157
27158
27159
27160
27161
27162
27163
27164
27165
27166
27167
27177
27178
27179
27180
27188
27189
27190
27191
27192
27193
27194
27195
27196
27197
27198
27199
27200
27201
27202
27203
27204
27205
27206
27236
27237
27238
27239
27240
27241
27242
27243
27244
27245
27246
27247
27248
27265
27266
27267
27268
27269
27270
27271
27272
27273
27274
27275
27276
27277
27278
27279
27280
27281
27282
27283
27293
27294
27295
27296
27297
27298
27299
27300
27301
27303
27305
27306
27307
27308
27309
27310
27311
27312
27313
27314
27321
27322
27323
27324
27325
27326
27327
27328
27329
27330
27331
27332
27340
27341
27342
27343
27344
27345
27346
27347
27348
27349
27350
27351
27352
27353
27354
27355
27356
27357
27358
27361
27362
27363
27364
27365
27366
27367
27368
27369
27370
27371
27372
27373
27374
27375
27376
27377
27378
27379
27380
27381
27382
27383
27384
27385
27386
27387
27388
27389
27390
27401
27402
27404
27405
27413
27414
27415
27416
27417
27418
27419
27420
27421
27422
27423
27424
27425
27426
27427
27428
27429
27430
27431
27447
27448
27449
27450
27451
27453
27454
27455
27456
27457
27458
27459
27460
27461
27463
27476
27477
27478
27479
27480
27481
27482
27483
27484
27485
27486
27487
27488
27489
27490
27501
27502
27503
27504
27505
27515
27516
27517
27518
27519
27520
27521
27522
27534
27535
27536
27537
27538
27539
27540
27541
27542
27543
27544
27564
27565
27566
27567
27568
27569
27570
27571
27572
27573
27574
27575
27576
27577
27578
27579
27580
27597
27598
27599
27600
27601
27602
27603
27604
27605
27606
27607
27608
27609
27610
27611
27612
27613
27614
27617
27618
27619
27620
27621
27622
27638
27639
27640
27641
27643
27644
27645
27646
27647
27648
27649
27650
27651
27652
27653
27654
27655
27656
27657
27665
27666
27667
27668
27669
27670
27671
27672
27675
27676
27677
27678
27679
27680
27681
27682
27683
27684
27685
27697
27698
27699
27700
27701
27702
27722
27723
27724
27725
27726
27727
27728
27729
27730
27731
27732
27733
27734
27735
27736
27751
27752
27753
27754
27755
27756
27757
27758
27763
27764
27765
27766
27767
27768
27769
27770
27771
27772
27773
27774
27775
27776
27777
27778
27779
27780
27781
27782
27783
27789
27790
27791
27792
27807
27808
27809
27810
27811
27813
27814
27815
27816
27817
27818
27819
27820
27821
27822
27825
27826
27831
27832
27833
27834
27835
27836
27837
27841
27842
27843
27844
27845
27846
27847
27848
27849
27850
27851
27852
27853
27854
27870
27871
27872
27880
27881
27882
27883
27884
27885
27886
27887
27888
27889
27890
27891
27892
27893
27907
27908
27909
27910
27911
27912
27913
27914
27915
27916
27917
27937
27938
27939
27940
27941
27942
27943
27944
27945
27946
27947
27948
27949
27950
27951
27952
27963
27964
27965
27966
27967
27968
27969
27970
27971
27972
27973
27974
27975
27976
27977
27978
27979
27980
27981
27988
27991
27993
27994
27995
27996
27997
27998
27999
28000
28001
28002
28003
28004
28005
28006
28007
28008
28009
28010
28011
28012
28020
28021
28022
28023
28024
28025
28026
28027
28028
28029
28030
28031
28032
28033
28034
28035
28036
28037
28049
28050
28051
28052
28053
28054
28055
28056
28057
28058
28059
28060
28061
28062
28063
28064
28082
28083
28084
28085
28086
28087
28088
28089
28091
28094
28095
28096
28097
28098
28099
28100
28101
28102
28103
28104
28105
28106
28107
28108
28109
28110
28111
28118
28119
28120
28121
28122
28123
28124
28125
28133
28134
28135
28136
28137
28138
28139
28140
28141
28142
28143
28144
28164
28165
28166
28170
28171
28172
28173
28176
28177
28178
28184
28185
28186
28187
28188
28191
28208
28224
28225
28226
28227
28228
28229
28230
28231
28244
28245
28246
28247
28248
28249
28250
28251
28252
28253
28254
28255
28256
28257
28258
28262
28263
28264
28265
28266
28267
28268
28269
28270
28271
28272
28273
28274
28275
28276
28277
28278
28279
28280
28286
28287
28288
28289
28290
28291
28292
28293
28294
28295
28296
28297
28298
28299
28300
28301
28302
28303
28304
28313
28314
28315
28316
28317
28318
28319
28320
28321
28322
28323
28324
28325
28326
28327
28328
28347
28348
28349
28362
28363
28364
28365
28366
28376
28377
28378
28379
28391
28392
28393
28394
28395
28396
28397
28398
28399
28400
28401
28402
28403
28404
28405
28416
28417
28418
28419
28420
28421
28422
28423
28424
28444
28445
28456
28457
28458
28459
28460
28461
28477
28478
28479
28493
28494
28507
28508
28509
28510
28511
28512
28513
28514
28515
28538
28539
28540
28541
28542
28543
28544
28545
28546
28547
28551
28552
28553
28554
28555
28556
28557
28558
28559
28560
28565
28566
28567
28568
28569
28570
28571
28572
28573
28574
28575
28576
28577
28578
28579
28580
28581
28582
28583
28584
28601
28602
28603
28604
28605
28606
28607
28608
28609
28610
28624
28625
28626
28627
28628
28629
28630
28631
28632
28633
28634
28635
28636
28637
28638
28639
28640
28641
28642
28654
28655
28656
28657
28666
28667
28686
28687
28688
28689
28690
28691
28692
28693
28694
28695
28696
28697
28698
28699
28700
28705
28706
28707
28708
28709
28710
28711
28729
28730
28731
28732
28733
28734
28735
28736
28737
28738
28739
28740
28741
28742
28743
28744
28745
28746
28747
28762
28763
28764
28765
28766
28767
28768
28769
28770
28771
28772
28773
28774
28775
28776
28777
28778
28779
28780
28781
28782
28783
28799
28800
28801
28802
28803
28804
28805
28806
28807
28808
28809
28810
28811
28812
28813
28814
28815
28816
28818
28836
28837
28838
28839
28840
28841
28842
28843
28844
28845
28846
28847
28848
28849
28850
28851
28871
28872
28873
28874
28875
28876
28887
28888
28889
28890
28891
28892
28893
28894
28896
28910
28911
28912
28913
28914
28915
28916
28917
28918
28919
28920
28921
28929
28930
28931
28932
28933
28934
28935
28936
28937
28938
28939
28940
28941
28957
28958
28959
28960
28961
28962
28963
28964
28965
28966
28967
28973
28974
28975
28976
28977
28978
28979
28980
28981
28982
28983
28984
28985
28986
28988
28989
28990
28991
28992
29000
29001
29002
29003
29004
29005
29006
29007
29022
29023
29024
29025
29026
29027
29028
29029
29030
29031
29032
29033
29034
29035
29036
29038
29039
29040
29041
29042
29043
29044
29045
29046
29047
29048
29049
29050
29051
29052
29053
29054
29060
29061
29062
29063
29064
29065
29068
29069
29070
29071
29072
29073
29074
29075
29076
29077
29078
29079
29086
29087
29088
29089
29090
29091
29092
29093
29094
29095
29096
29097
29103
29104
29105
29106
29107
29108
29109
29110
29111
29112
29113
29114
29115
29116
29117
29118
29121
29122
29123
29124
29125
29126
29127
29128
29129
29130
29131
29133
29141
29142
29143
29144
29145
29146
29148
29161
29162
29163
29164
29165
29166
29167
29168
29169
29170
29171
29186
29187
29189
29191
29192
29193
29194
29195
29196
29197
29217
29218
29219
29220
29221
29222
29227
29228
29229
29230
29231
29232
29233
29234
29235
29236
29237
29238
29239
29240
29241
29242
29243
29256
29257
29258
29259
29260
29261
29265
29266
29267
29268
29269
29270
29271
29272
29273
29274
29275
29276
29277
29278
29279
29280
29281
29282
29296
29297
29298
29299
29300
29301
29302
29303
29304
29305
29306
29307
29319
29320
29321
29322
29323
29324
29325
29326
29327
29332
29333
29334
29335
29336
29337
29342
29343
29344
29345
29346
29347
29348
29349
29369
29370
29371
29372
29373
29374
29375
29376
29377
29378
29379
29398
29399
29400
29401
29402
29403
29404
29405
29406
29407
29408
29409
29410
29411
29412
29413
29414
29415
29416
29445
29446
29447
29448
29449
29450
29451
29452
29453
29454
29455
29456
29457
29458
29459
29460
29468
29469
29470
29471
29472
29473
29475
29476
29494
29495
29496
29497
29498
29499
29500
29501
29502
29503
29504
29505
29506
29507
29508
29509
29510
29511
29512
29513
29523
29524
29525
29544
29545
29546
29547
29548
29549
29550
29551
29552
29553
29554
29555
29556
29557
29558
29559
29560
29561
29569
29570
29571
29572
29573
29574
29575
29576
29577
29578
29579
29580
29581
29582
29583
29584
29585
29586
29587
29589
29591
29592
29593
29594
29595
29596
29597
29598
29599
29607
29608
29609
29610
29611
29612
29613
29614
29615
29616
29622
29623
29624
29625
29626
29627
29628
29629
29630
29631
29632
29633
29634
29635
29636
29637
29641
29642
29643
29644
29645
29646
29662
29663
29664
29665
29666
29667
29668
29669
29670
29671
29672
29686
29687
29688
29689
29690
29691
29692
29693
29694
29695
29698
29699
29700
29701
29713
29714
29715
29716
29717
29718
29719
29720
29721
29722
29723
29724
29728
29746
29747
29748
29749
29750
29751
29755
29756
29757
29758
29759
29760
29761
29762
29763
29764
29765
29766
29767
29768
29770
29782
29783
29784
29785
29786
29797
29798
29799
29800
29801
29802
29803
29804
29805
29806
29807
29808
29809
29810
29811
29812
29827
29828
29829
29830
29831
29832
29833
29834
29835
29836
29837
29838
29839
29840
29841
29842
29843
29845
29846
29847
29859
29860
29861
29862
29863
29864
29865
29866
29888
29889
29890
29891
29898
29899
29900
29901
29902
29903
29905
29907
29920
29921
29922
29923
29924
29925
29926
29927
29928
29929
29930
29931
29932
29933
29934
29935
29936
29937
29955
29961
29962
29963
29964
29967
29969
29970
29977
29978
29979
29980
29981
29982
29983
29984
29985
29986
29987
29988
29989
29990
29991
29992
29995
29996
29997
29998
30010
30016
30017
30018
30019
30020
30021
30022
30023
30024
30025
30026
30027
30028
30029
30030
30031
30032
30042
30043
30044
30045
30046
30047
30048
30049
30050
30051
30052
30053
30054
30055
30058
30059
30060
30061
30062
30063
30064
30065
30077
30078
30079
30080
30081
30082
30083
30084
30085
30086
30087
30088
30089
30090
30091
30092
30093
30111
30112
30113
30114
30115
30116
30117
30118
30119
30120
30122
30123
30143
30144
30145
30146
30147
30148
30149
30150
30151
30152
30153
30154
30155
30156
30157
30158
30159
30160
30161
30172
30173
30174
30175
30176
30177
30178
30210
30211
30212
30216
30217
30218
30235
30236
30237
30238
30239
30240
30241
30244
30262
30263
30264
30265
30266
30267
30268
30269
30270
30271
30272
30273
30274
30275
30279
30280
30281
30282
30283
30284
30285
30286
30287
30288
30289
30290
30298
30299
30300
30301
30302
30303
30304
30305
30306
30307
30308
30310
30324
30325
30329
30330
30347
30348
30349
30350
30351
30352
30353
30354
30357
30360
30361
30376
30377
30378
30379
30380
30381
30382
30383
30384
30385
30386
30387
30388
30389
30390
30391
30392
30393
30394
30397
30398
30399
30400
30401
30402
30403
30404
30405
30406
30407
30408
30409
30410
30411
30412
30413
30416
30417
30419
30420
30421
30435
30436
30437
30438
30439
30440
30441
30442
30443
30444
30445
30446
30447
30448
30449
30450
30451
30452
30453
30468
30469
30470
30472
30477
30478
30479
30480
30481
30482
30483
30484
30485
30486
30487
30488
30508
30509
30510
30511
30512
30513
30514
30515
30516
30517
30518
30519
30520
30521
30522
30523
30524
30525
30529
30539
30542
30543
30555
30556
30557
30558
30559
30560
30561
30562
30563
30564
30565
30566
30567
30568
30574
30575
30576
30577
30578
30579
30597
30598
30599
30600
30601
30602
30603
30604
30605
30606
30607
30608
30609
30629
30630
30631
30632
30633
30634
30635
30636
30637
30638
30647
30648
30649
30650
30651
30652
30653
30654
30655
30656
30657
30658
30660
30661
30662
30664
30666
30671
30692
30704
30705
30706
30707
30708
30709
30710
30711
30712
30713
30714
30715
30731
30732
30736
30737
30758
30759
30760
30761
30762
30778
30779
30780
30781
30782
30783
30784
30785
30786
30788
30798
30799
30800
30801
30802
30803
30804
30805
30806
30807
30808
30809
30810
30811
30812
30818
30822
30823
30824
30831
30832
30833
30834
30835
30836
30837
30838
30839
30840
30841
30842
30843
30844
30845
30851
30852
30853
30854
30855
30856
30857
30858
30859
30860
30861
30862
30870
30871
30872
30873
30874
30875
30876
30877
30878
30879
30880
30881
30882
30883
30888
30889
30890
30891
30892
30893
30894
30895
30896
30912
30913
30914
30915
30916
30917
30918
30919
30920
30933
30934
30935
30936
30937
30938
30939
30940
30941
30942
30961
30962
30963
30964
30965
30966
30967
30968
30969
30970
30971
30972
30975
30994
30995
30996
30997
30998
30999
31000
31001
31002
31003
31016
31017
31018
31024
31025
31026
31027
31028
31029
31031
31032
31033
31052
31053
31054
31055
31056
31057
31058
31059
31060
31062
31071
31074
31075
31076
31077
31078
31079
31080
31081
31082
31095
31096
31097
31098
31108
31109
31110
31111
31112
31113
31114
31115
31116
31117
31118
31119
31120
31121
31122
31123
31124
31127
31131
31132
31133
31134
31135
31136
31137
31138
31139
31140
31141
31142
31143
31144
31145
31146
31147
31149
31150
31151
31152
31153
31154
31155
31156
31157
31158
31166
31167
31168
31172
31173
31174
31175
31176
31177
31180
31183
31184
31201
31202
31203
31204
31205
31206
31207
31208
31209
31210
31211
31219
31220
31221
31222
31223
31224
31225
31226
31227
31228
31229
31230
31231
31232
31233
31234
31236
31253
31254
31255
31256
31257
31258
31259
31260
31261
31262
31263
31264
31265
31266
31267
31268
31269
31270
31278
31279
31280
31281
31282
31283
31285
31300
31301
31302
31303
31304
31305
31306
31307
31308
31309
31310
31312
31313
31325
31326
31327
31328
31329
31330
31331
31332
31333
31350
31351
31352
31353
31354
31355
31356
31357
31358
31359
31372
31373
31374
31375
31377
31378
31391
31394
31403
31404
31405
31406
31408
31409
31415
31416
31417
31418
31419
31420
31421
31422
31423
31424
31425
31426
31427
31428
31429
31430
31444
31445
31446
31447
31448
31465
31466
31467
31468
31473
31474
31475
31476
31477
31484
31485
31486
31487
31488
31507
31508
31509
31510
31511
31512
31513
31514
31515
31527
31528
31529
31530
31531
31532
31533
31534
31535
31536
31537
31538
31539
31541
31542
31544
31545
31551
31552
31553
31554
31555
31556
31557
31558
31559
31561
31564
31565
31566
31568
31569
31570
31584
31585
31586
31587
31588
31589
31590
31591
31592
31593
31594
31595
31599
31600
31606
31607
31608
31609
31610
31611
31612
31613
31614
31615
31620
31621
31622
31623
31624
31625
31626
31627
31628
31629
31649
31650
31651
31652
31653
31654
31655
31656
31657
31658
31659
31660
31661
31662
31663
31664
31665
31666
31667
31668
31670
31671
31672
31673
31674
31677
31680
31681
31682
31683
31684
31685
31686
31687
31688
31689
31690
31691
31692
31693
31698
31701
31717
31718
31719
31720
31721
31722
31723
31724
31725
31726
31727
31728
31729
31730
31731
31749
31756
31757
31758
31769
31770
31771
31772
31773
31774
31775
31776
31777
31778
31779
31780
31781
31782
31783
31784
31785
31786
31787
31789
31795
31796
31797
31798
31799
31800
31801
31802
31803
31804
31823
31824
31825
31826
31827
31829
31834
31835
31841
31842
31843
31844
31857
31858
31859
31860
31861
31862
31863
31864
31865
31866
31867
31868
31869
31870
31871
31891
31892
31893
31898
31903
31917
31918
31919
31920
31921
31922
31923
31924
31925
31926
31927
31928
31929
31930
31931
31932
31933
31935
31936
31937
31938
31939
31940
31944
31945
31946
31947
31948
31949
31950
31951
31952
31953
31954
31955
31956
31957
31958
31976
31977
31978
31979
31980
31981
31984
31985
31986
31987
31988
31989
31990
31991
31992
31993
31994
31995
31996
31997
31998
31999
32001
32002
32003
32004
32005
32006
32007
32008
32017
32018
32035
32036
32037
32038
32039
32040
32053
32054
32063
32064
32065
32066
32067
32068
32069
32070
32071
32072
32073
32074
32075
32076
32077
32078
32079
32080
32081
32087
32088
32089
32090
32091
32092
32093
32094
32100
32101
32102
32103
32104
32105
32106
32107
32108
32109
32110
32111
32112
32113
32114
32115
32116
32117
32118
32150
32151
32152
32172
32173
32174
32175
32176
32191
32193
32194
32195
32196
32197
32198
32199
32200
32201
32202
32213
32214
32215
32216
32217
32218
32219
32220
32221
32237
32238
32239
32240
32258
32259
32260
32261
32262
32263
32264
32265
32267
32268
32269
32270
32271
32272
32273
32274
32275
32276
32277
32290
32291
32292
32293
32294
32295
32296
32297
32298
32299
32300
32301
32302
32303
32304
32320
32321
32322
32323
32324
32325
32327
32328
32330
32331
32332
32333
32334
32335
32336
32337
32338
32339
32340
32341
32342
32345
32364
32365
32366
32367
32368
32369
32370
32371
32372
32373
32374
32375
32394
32395
32396
32398
32399
32400
32401
32402
32403
32404
32405
32406
32407
32408
32409
32410
32411
32412
32413
32414
32415
32416
32431
32432
32446
32447
32448
32449
32450
32451
32468
32469
32470
32471
32472
32473
32505
32506
32507
32514
32515
32516
32527
32528
32529
32530
32531
32532
32533
32534
32535
32536
32537
32538
32539
32540
32548
32549
32550
32551
32552
32553
32573
32574
32575
32576
32577
32578
32579
32580
32581
32595
32596
32597
32598
32599
32608
32609
32610
32611
32612
32613
32614
32615
32616
32617
32628
32629
32630
32631
32650
32651
32652
32653
32654
32655
32656
32657
32658
32659
32660
32661
32662
32663
32664
32665
32666
32667
32668
32679
32680
32699
32700
32701
32702
32703
32704
32705
32706
32707
32708
32709
32710
32731
32732
32733
32734
32735
32736
32737
32738
32739
32740
32741
32742
32743
32744
32745
32749
32750
32751
32752
32753
32754
32755
32756
32757
32758
32759
32760
32761
32775
32776
32777
32778
32779
32780
32781
32782
32783
32784
32785
32786
32787
32788
32789
32790
32791
32792
32793
32794
32795
32796
32797
32806
32807
32808
32810
32811
32812
32813
32816
32820
32838
32839
32840
32841
32842
32843
32844
32845
32846
32847
32848
32849
32850
32853
32854
32855
32856
32857
32858
32859
32860
32861
32862
32863
32864
32865
32866
32867
32868
32869
32870
32871
32880
32881
32882
32883
32884
32885
32886
32887
32888
32889
32890
32891
32892
32893
32894
32895
32896
32897
32898
32910
32911
32912
32913
32914
32915
32916
32927
32928
32929
32930
32931
32932
32933
32934
32935
32936
32937
32938
32942
32943
32944
32945
32946
32947
32948
32949
32950
32951
32952
32953
32954
32955
32956
32958
32979
32980
32981
32982
32983
32984
32985
32986
32987
32988
32989
32990
32991
32992
32993
32994
32995
32996
32997
33004
33005
33006
33007
33008
33009
33010
33011
33012
33013
33014
33015
33016
33017
33018
33032
33045
33046
33047
33048
33049
33050
33051
33052
33053
33054
33055
33056
33057
33058
33059
33060
33061
33062
33063
33064
33082
33083
33084
33085
33086
33087
33088
33089
33090
33094
33095
33096
33097
33098
33099
33100
33101
33102
33103
33123
33124
33125
33126
33127
33128
33129
33130
33131
33132
33133
33134
33135
33136
33137
33138
33147
33148
33149
33162
33163
33164
33165
33166
33167
33168
33169
33170
33171
33172
33173
33174
33175
33176
33177
33178
33179
33180
33181
33182
33200
33201
33207
33208
33209
33210
33211
33212
33213
33214
33215
33216
33217
33218
33219
33226
33227
33228
33229
33230
33244
33245
33246
33247
33248
33249
33250
33251
33252
33253
33254
33255
33256
33257
33258
33259
33260
33263
33264
33265
33266
33267
33268
33269
33270
33271
33272
33273
33274
33275
33276
33277
33278
33284
33285
33286
33287
33288
33293
33294
33295
33296
33297
33298
33299
33300
33301
33302
33303
33304
33305
33306
33307
33309
33328
33329
33330
33331
33332
33333
33334
33335
33336
33337
33338
33339
33340
33341
33353
33354
33355
33356
33357
33358
33359
33360
33361
33362
33363
33364
33365
33366
33367
33368
33369
33370
33371
33381
33382
33383
33384
33385
33386
33387
33388
33389
33390
33391
33392
33393
33394
33397
33398
33399
33400
33401
33402
33403
33404
33405
33406
33407
33408
33409
33410
33411
33412
33413
33414
33415
33423
33424
33425
33426
33427
33428
33429
33430
33431
33432
33433
33434
33435
33436
33437
33438
33439
33440
33441
33442
33460
33461
33462
33463
33468
33469
33470
33471
33472
33473
33474
33475
33476
33477
33478
33479
33480
33481
33482
33483
33502
33503
33504
33505
33524
33525
33526
33527
33528
33529
33530
33531
33532
33533
33534
33535
33536
33537
33538
33539
33540
33558
33559
33560
33561
33562
33563
33564
33565
33566
33567
33568
33574
33575
33576
33577
33578
33579
33599
33600
33601
33602
33603
33604
33605
33606
33607
33608
33609
33610
33611
33612
33613
33614
33616
33617
33618
33619
33620
33621
33622
33623
33624
33625
33626
33627
33628
33645
33646
33647
33648
33649
33650
33651
33652
33653
33654
33655
33656
33657
33658
33659
33666
33667
33668
33669
33670
33671
33674
33685
33686
33687
33688
33689
33690
33691
33692
33693
33694
33695
33713
33714
33715
33716
33717
33718
33719
33720
33721
33722
33723
33724
33725
33739
33740
33741
33742
33743
33744
33745
33746
33747
33748
33749
33750
33751
33752
33760
33761
33773
33774
33775
33776
33777
33778
33779
33780
33781
33782
33783
33784
33785
33786
33787
33788
33789
33790
33791
33792
33793
33795
33812
33813
33814
33815
33816
33817
33818
33819
33820
33821
33822
33823
33824
33825
33826
33827
33828
33829
33830
33846
33847
33848
33849
33850
33851
33852
33853
33854
33855
33856
33857
33858
33859
33860
33871
33872
33873
33874
33875
33876
33877
33878
33879
33880
33881
33882
33899
33900
33901
33902
33916
33917
33918
33919
33920
33921
33922
33923
33924
33925
33926
33927
33928
33929
33930
33948
33949
33950
33951
33952
33953
33954
33955
33956
33957
33958
33959
33960
33961
33962
33974
33975
33976
33986
33987
33988
33989
33990
33991
34007
34008
34027
34028
34029
34030
34031
34032
34033
34034
34035
34036
34037
34038
34039
34040
34041
34054
34055
34056
34057
34058
34059
34060
34061
34062
34063
34064
34069
34070
34071
34072
34073
34074
34075
34076
34077
34078
34079
34080
34081
34084
34085
34086
34087
34088
34089
34106
34107
34108
34109
34110
34111
34114
34115
34116
34117
34118
34119
34120
34121
34122
34123
34124
34125
34126
34127
34128
34129
34130
34131
34132
34137
34138
34139
34140
34141
34142
34143
34144
34145
34146
34147
34148
34149
34150
34151
34152
34153
34154
34155
34156
34157
34158
34159
34177
34178
34179
34196
34197
34198
34199
34200
34201
34202
34203
34204
34205
34206
34207
34208
34209
34210
34211
34212
34215
34216
34217
34218
34219
34220
34221
34222
34223
34224
34225
34226
34227
34228
34229
34230
34231
34235
34236
34237
34238
34239
34240
34241
34242
34243
34244
34245
34246
34247
34254
34255
34256
34257
34258
34259
34260
34261
34262
34263
34264
34265
34266
34267
34268
34269
34270
34290
34291
34294
34295
34296
34297
34298
34299
34300
34301
34302
34303
34304
34305
34306
34307
34309
34314
34315
34316
34317
34318
34319
34320
34332
34333
34334
34335
34336
34337
34338
34339
34340
34341
34342
34343
34344
34345
34346
34348
34349
34350
34351
34352
34355
34356
34357
34358
34359
34373
34374
34375
34376
34377
34378
34379
34380
34381
34382
34383
34384
34385
34386
34387
34388
34389
34412
34413
34414
34415
34416
34417
34418
34419
34420
34421
34422
34423
34424
34425
34426
34427
34428
34447
34453
34454
34455
34456
34457
34458
34459
34460
34461
34462
34463
34464
34465
34466
34467
34468
34469
34470
34473
34474
34475
34476
34477
34478
34479
34480
34500
34501
34506
34525
34527
34528
34529
34530
34531
34532
34533
34534
34552
34553
34554
34555
34556
34557
34558
34559
34560
34561
34562
34563
34564
34565
34566
34567
34568
34569
34570
34572
34573
34574
34575
34576
34577
34592
34593
34594
34595
34596
34597
34598
34599
34600
34601
34602
34603
34604
34605
34606
34607
34608
34609
34629
34630
34631
34632
34633
34634
34635
34636
34637
34638
34639
34640
34643
34644
34645
34651
34652
34653
34654
34655
34656
34657
34658
34659
34660
34661
34662
34663
34664
34665
34669
34670
34671
34672
34673
34674
34675
34676
34677
34678
34679
34698
34699
34700
34701
34702
34703
34704
34705
34706
34707
34708
34709
34710
34711
34712
34713
34714
34727
34728
34729
34730
34731
34732
34733
34734
34735
34736
34737
34738
34739
34740
34752
34753
34754
34755
34756
34757
34758
34759
34760
34768
34769
34770
34771
34772
34773
34774
34775
34776
34777
34778
34779
34780
34782
34783
34784
34785
34786
34787
34788
34789
34790
34791
34792
34793
34794
34795
34834
34835
34836
34837
34838
34839
34840
34841
34842
34843
34844
34845
34846
34847
34848
34849
34850
34854
34855
34856
34857
34858
34859
34860
34861
34862
34863
34864
34865
34866
34867
34868
34875
34876
34877
34879
34899
34905
34906
34907
34908
34909
34910
34911
34912
34913
34914
34915
34916
34917
34918
34919
34920
34921
34922
34923
34937
34938
34939
34940
34941
34942
34943
34944
34945
34946
34954
34955
34956
34957
34958
34959
34960
34961
34962
34963
34964
34965
34976
34977
34978
34979
34980
34981
34982
34983
34984
35003
35004
35005
35006
35007
35008
35009
35010
35011
35012
35013
35014
35015
35021
35022
35023
35024
35025
35026
35027
35028
35029
35030
35031
35032
35033
35034
35035
35046
35047
35048
35049
35050
35051
35052
35053
35054
35055
35056
35057
35058
35059
35060
35061
35062
35075
35076
35077
35078
35079
35083
35084
35085
35086
35087
35088
35089
35090
35091
35092
35093
35094
35114
35115
35116
35117
35118
35119
35120
35121
35122
35123
35124
35125
35126
35127
35128
35149
35150
35151
35152
35153
35154
35155
35156
35157
35158
35159
35160
35161
35162
35163
35164
35165
35173
35174
35175
35176
35177
35178
35179
35180
35181
35182
35183
35184
35185
35186
35187
35188
35189
35190
35196
35197
35198
35199
35200
35206
35207
35208
35209
35210
35211
35232
35233
35234
35235
35255
35256
35270
35271
35272
35273
35274
35275
35276
35277
35278
35279
35280
35281
35290
35291
35292
35293
35294
35295
35296
35297
35298
35299
35311
35312
35313
35314
35315
35316
35317
35318
35319
35320
35321
35322
35323
35324
35333
35334
35335
35353
35354
35355
35356
35357
35358
35359
35360
35361
35362
35363
35364
35365
35366
35367
35368
35369
35370
35371
35372
35373
35374
35375
35376
35377
35378
35395
35396
35397
35398
35399
35400
35401
35402
35403
35404
35414
35415
35416
35417
35418
35419
35425
35426
35427
35428
35429
35430
35431
35432
35433
35434
35435
35436
35437
35438
35439
35440
35441
35442
35443
35444
35458
35459
35460
35461
35474
35475
35476
35477
35478
35479
35480
35481
35482
35483
35484
35485
35500
35501
35502
35503
35504
35505
35506
35507
35512
35513
35514
35515
35516
35517
35518
35519
35520
35521
35522
35523
35524
35525
35526
35531
35532
35533
35534
35535
35536
35537
35538
35539
35540
35547
35548
35549
35550
35551
35552
35553
35554
35555
35556
35557
35558
35559
35560
35561
35562
35563
35566
35567
35569
35570
35576
35577
35578
35579
35580
35581
35582
35583
35584
35585
35586
35587
35588
35589
35605
35606
35616
35617
35618
35619
35620
35621
35622
35623
35639
35640
35641
35642
35643
35644
35645
35646
35647
35656
35664
35665
35666
35667
35668
35669
35670
35671
35672
35673
35674
35675
35676
35679
35680
35681
35682
35683
35684
35685
35686
35692
35693
35694
35695
35696
35697
35698
35699
35700
35701
35702
35703
35704
35705
35706
35707
35708
35709
35710
35711
35713
35722
35723
35724
35725
35726
35727
35728
35729
35730
35731
35732
35733
35734
35735
35736
35737
35747
35748
35749
35750
35751
35752
35753
35754
35755
35756
35757
35758
35759
35760
35761
35762
35763
35764
35768
35769
35770
35771
35772
35773
35774
35775
35776
35777
35778
35779
35780
35781
35782
35783
35784
35797
35798
35799
35800
35801
35802
35803
35804
35805
35806
35807
35808
35809
35810
35825
35826
35827
35828
35829
35847
35848
35849
35850
35851
35852
35853
35854
35855
35856
35857
35868
35869
35870
35871
35872
35873
35874
35875
35876
35877
35878
35879
35880
35881
35882
35883
35884
35885
35894
35895
35896
35897
35898
35899
35900
35901
35902
35903
35904
35905
35906
35907
35908
35916
35917
35918
35919
35920
35921
35922
35923
35924
35925
35926
35927
35928
35929
35930
35931
35932
35933
35947
35948
35949
35950
35952
35953
35954
35955
35956
35957
35958
35959
35960
35976
35977
35978
35979
35980
35981
35982
35983
35984
35985
35986
35987
35988
35994
35995
35996
35997
35998
35999
36000
36001
36014
36015
36016
36017
36018
36019
36020
36021
36022
36023
36024
36025
36026
36027
36028
36029
36030
36031
36032
36033
36034
36035
36036
36037
36056
36057
36058
36059
36060
36061
36062
36063
36064
36065
36074
36075
36076
36077
36078
36079
36080
36081
36082
36083
36084
36085
36086
36087
36090
36091
36092
36093
36094
36095
36096
36097
36098
36099
36100
36120
36121
36122
36123
36124
36125
36126
36127
36128
36129
36130
36131
36132
36133
36134
36135
36136
36137
36138
36150
36151
36152
36153
36154
36155
36156
36157
36158
36159
36160
36161
36162
36163
36164
36165
36166
36167
36178
36179
36180
36181
36182
36183
36184
36185
36190
36191
36192
36193
36194
36195
36202
36203
36204
36205
36206
36207
36224
36225
36226
36227
36228
36229
36230
36231
36244
36245
36246
36247
36248
36249
36250
36251
36252
36253
36268
36269
36270
36271
36272
36273
36274
36275
36276
36277
36278
36279
36280
36281
36291
36292
36293
36294
36295
36296
36297
36298
36299
36300
36301
36302
36303
36304
36305
36306
36307
36308
36309
36314
36315
36316
36317
36318
36319
36320
36321
36322
36323
36324
36325
36326
36335
36336
36337
36338
36342
36343
36344
36345
36346
36347
36348
36349
36350
36351
36352
36353
36354
36355
36356
36358
36377
36378
36379
36380
36381
36382
36383
36384
36385
36386
36387
36388
36389
36390
36391
36408
36409
36410
36411
36412
36413
36414
36415
36416
36417
36418
36419
36420
36421
36422
36423
36424
36425
36426
36441
36442
36443
36444
36445
36446
36447
36448
36449
36450
36451
36452
36453
36454
36455
36456
36457
36458
36470
36471
36472
36473
36474
36490
36491
36492
36493
36494
36495
36496
36497
36514
36526
36527
36547
36548
36565
36566
36567
36568
36569
36570
36571
36572
36573
36574
36575
36582
36595
36596
36597
36598
36599
36600
36601
36602
36622
36623
36624
36625
36626
36627
36628
36629
36630
36631
36639
36640
36641
36642
36643
36644
36645
36646
36647
36648
36649
36650
36651
36652
36653
36654
36655
36656
36657
36659
36660
36661
36662
36663
36664
36665
36666
36667
36668
36669
36670
36671
36672
36673
36674
36675
36676
36678
36691
36692
36693
36694
36695
36696
36697
36698
36699
36700
36701
36702
36703
36704
36705
36706
36707
36708
36709
36710
36711
36712
36713
36714
36715
36726
36727
36728
36729
36730
36731
36732
36733
36734
36735
36736
36737
36738
36739
36742
36743
36744
36745
36746
36747
36748
36749
36750
36751
36752
36753
36754
36755
36756
36757
36758
36759
36760
36761
36762
36763
36764
36765
36766
36778
36779
36780
36781
36782
36783
36784
36785
36786
36787
36788
36789
36790
36799
36800
36801
36802
36804
36805
36806
36807
36808
36809
36810
36811
36812
36813
36814
36815
36835
36836
36837
36838
36839
36846
36847
36848
36849
36850
36851
36852
36853
36854
36855
36856
36857
36858
36859
36860
36861
36862
36863
36864
36871
36872
36873
36874
36875
36876
36877
36878
36879
36880
36881
36882
36901
36902
36903
36904
36905
36906
36918
36919
36920
36921
36922
36923
36924
36925
36926
36927
36928
36929
36934
36935
36936
36955
36956
36957
36958
36959
36960
36961
36963
36964
36968
36969
36970
36971
36972
36973
36974
36975
36987
36988
36989
37000
37001
37002
37003
37004
37005
37006
37007
37008
37009
37029
37030
37031
37032
37033
37034
37035
37036
37037
37038
37046
37047
37048
37049
37050
37051
37052
37053
37054
37055
37056
37057
37058
37059
37060
37074
37075
37076
37077
37078
37079
37080
37081
37082
37083
37084
37085
37091
37092
37093
37094
37095
37096
37097
37098
37099
37100
37101
37102
37103
37104
37105
37114
37115
37116
37117
37118
37133
37134
37135
37136
37137
37138
37139
37140
37141
37142
37143
37144
37145
37146
37147
37148
37149
37150
37151
37166
37167
37168
37169
37170
37171
37181
37182
37183
37184
37185
37186
37187
37188
37208
37209
37210
37211
37212
37213
37214
37215
37216
37217
37218
37219
37220
37240
37241
37242
37243
37244
37245
37246
37247
37266
37267
37268
37269
37270
37271
37272
37273
37274
37275
37276
37277
37278
37279
37280
37281
37285
37286
37287
37288
37289
37291
37292
37293
37294
37295
37296
37297
37298
37299
37300
37301
37302
37303
37304
37321
37322
37323
37324
37325
37326
37327
37328
37329
37330
37331
37332
37333
37334
37335
37336
37343
37344
37345
37346
37347
37348
37349
37350
37351
37352
37353
37354
37355
37356
37357
37358
37366
37367
37368
37369
37370
37371
37384
37385
37386
37387
37388
37389
37390
37391
37392
37393
37394
37395
37396
37397
37398
37413
37414
37415
37416
37417
37418
37419
37420
37421
37422
37423
37424
37425
37426
37427
37428
37429
37430
37441
37442
37443
37444
37445
37446
37457
37458
37459
37460
37461
37462
37463
37464
37465
37466
37467
37468
37469
37470
37471
37486
37487
37488
37489
37490
37491
37492
37493
37494
37495
37496
37497
37509
37510
37511
37512
37513
37514
37515
37519
37520
37521
37522
37523
37524
37525
37526
37527
37528
37529
37530
37531
37532
37533
37534
37535
37536
37537
37540
37557
37558
37559
37560
37561
37581
37582
37583
37584
37585
37586
37601
37602
37603
37604
37605
37606
37607
37608
37615
37616
37617
37630
37631
37632
37633
37634
37635
37636
37637
37638
37639
37640
37652
37653
37656
37673
37674
37675
37676
37677
37678
37679
37680
37681
37682
37683
37684
37685
37686
37687
37688
37689
37690
37701
37702
37703
37704
37705
37706
37707
37722
37724
37744
37745
37746
37747
37748
37749
37750
37751
37752
37753
37754
37755
37756
37766
37767
37768
37769
37770
37771
37772
37773
37774
37775
37776
37777
37778
37792
37793
37794
37795
37796
37797
37798
37799
37800
37801
37802
37803
37804
37805
37806
37824
37825
37826
37827
37828
37829
37830
37831
37832
37833
37834
37835
37836
37837
37838
37839
37840
37841
37842
37853
37854
37855
37856
37857
37858
37859
37860
37861
37862
37863
37864
37865
37866
37867
37868
37869
37870
37876
37877
37878
37879
37880
37881
37882
37883
37884
37885
37886
37887
37888
37889
37890
37891
37892
37893
37920
37921
37922
37923
37924
37925
37926
37927
37928
37929
37930
37931
37932
37933
37934
37935
37936
37937
37938
37956
37957
37958
37959
37960
37961
37962
37963
37964
37965
37966
37967
37968
37969
37970
37971
37972
37973
37991
37992
37993
37994
37995
37996
37997
37998
37999
38000
38001
38002
38003
38004
38005
38006
38007
38008
38020
38021
38022
38038
38039
38040
38041
38042
38043
38044
38045
38046
38047
38048
38049
38050
38051
38052
38064
38065
38066
38067
38084
38103
38104
38105
38106
38107
38108
38109
38110
38111
38112
38113
38114
38115
38116
38124
38125
38126
38127
38128
38129
38130
38131
38132
38133
38134
38135
38137
38138
38153
38154
38155
38156
38157
38158
38159
38160
38161
38162
38163
38164
38165
38166
38167
38168
38169
38170
38178
38179
38180
38181
38182
38183
38184
38185
38186
38187
38188
38197
38198
38199
38200
38201
38202
38203
38204
38205
38206
38207
38208
38209
38216
38217
38218
38219
38220
38221
38222
38223
38237
38238
38239
38240
38241
38259
38260
38261
38262
38263
38264
38265
38266
38267
38268
38285
38286
38287
38288
38289
38290
38304
38305
38306
38307
38308
38309
38329
38330
38331
38332
38333
38334
38337
38338
38339
38340
38341
38342
38343
38344
38345
38346
38347
38348
38349
38350
38351
38352
38353
38354
38355
38356
38358
38359
38360
38361
38362
38363
38364
38365
38366
38367
38368
38370
38371
38372
38373
38374
38375
38376
38377
38378
38379
38380
38381
38388
38389
38390
38392
38393
38394
38395
38396
38397
38398
38399
38400
38401
38402
38403
38411
38412
38413
38414
38415
38416
38417
38418
38419
38420
38421
38422
38423
38424
38425
38426
38427
38428
38429
38451
38452
38453
38454
38455
38456
38457
38458
38459
38460
38461
38462
38463
38464
38467
38468
38469
38470
38471
38472
38473
38488
38489
38490
38491
38492
38493
38494
38495
38496
38497
38498
38499
38500
38501
38502
38510
38511
38512
38513
38514
38515
38516
38517
38518
38519
38520
38521
38522
38541
38542
38543
38544
38553
38554
38555
38556
38557
38558
38559
38560
38561
38562
38563
38564
38565
38566
38567
38568
38569
38570
38571
38574
38575
38576
38579
38580
38581
38582
38583
38603
38604
38605
38606
38607
38608
38609
38610
38611
38612
38613
38614
38615
38616
38617
38618
38619
38620
38621
38638
38639
38640
38641
38642
38643
38644
38645
38646
38647
38648
38664
38682
38683
38684
38685
38686
38687
38688
38689
38690
38691
38692
38693
38694
38695
38696
38699
38700
38701
38702
38703
38704
38705
38706
38707
38708
38728
38729
38730
38731
38732
38733
38734
38735
38736
38737
38738
38739
38745
38746
38747
38748
38749
38763
38764
38765
38766
38767
38768
38769
38770
38771
38773
38791
38792
38793
38794
38795
38796
38797
38798
38799
38800
38804
38805
38806
38807
38808
38809
38810
38811
38812
38813
38814
38815
38816
38817
38818
38819
38822
38829
38830
38831
38832
38833
38845
38846
38847
38848
38849
38850
38851
38852
38853
38864
38865
38866
38867
38868
38869
38870
38871
38872
38873
38874
38875
38876
38877
38878
38879
38880
38881
38882
38891
38892
38893
38894
38895
38896
38897
38898
38899
38900
38901
38902
38903
38904
38905
38906
38921
38922
38923
38924
38925
38926
38932
38933
38934
38935
38936
38937
38938
38939
38940
38941
38942
38962
38963
38964
38965
38966
38972
38973
38974
38975
38976
38977
38978
38979
38980
38981
38992
38993
38994
38995
38996
38997
38998
38999
39000
39001
39002
39003
39004
39005
39006
39007
39008
39009
39022
39023
39024
39025
39026
39027
39028
39029
39031
39037
39038
39039
39040
39041
39042
39043
39044
39045
39046
39047
39048
39049
39050
39051
39052
39053
39054
39055
39075
39076
39077
39088
39089
39090
39091
39092
39093
39094
39095
39096
39097
39098
39099
39100
39101
39102
39112
39113
39114
39115
39116
39117
39118
39119
39120
39121
39122
39123
39124
39125
39126
39127
39128
39129
39130
39131
39132
39133
39134
39135
39136
39137
39138
39139
39140
39141
39142
39143
39144
39145
39146
39147
39148
39149
39163
39164
39165
39166
39167
39168
39169
39170
39171
39172
39173
39174
39175
39176
39177
39193
39194
39207
39213
39214
39215
39216
39217
39218
39219
39220
39221
39222
39223
39224
39225
39226
39227
39228
39229
39230
39231
39238
39239
39251
39252
39253
39254
39255
39256
39257
39258
39259
39260
39266
39267
39268
39275
39276
39277
39278
39279
39280
39281
39282
39283
39284
39285
39302
39303
39304
39305
39306
39307
39308
39309
39310
39311
39312
39313
39314
39315
39316
39317
39335
39336
39337
39338
39339
39340
39341
39342
39343
39344
39345
39346
39347
39348
39349
39350
39351
39352
39353
39361
39362
39363
39364
39365
39366
39367
39368
39369
39375
39376
39377
39378
39379
39380
39381
39382
39383
39396
39397
39398
39399
39400
39401
39406
39407
39408
39409
39410
39411
39412
39413
39414
39415
39439
39440
39441
39442
39443
39444
39445
39446
39447
39448
39449
39450
39451
39452
39453
39465
39466
39467
39468
39469
39470
39471
39472
39473
39474
39475
39482
39483
39484
39485
39486
39487
39488
39489
39490
39491
39505
39506
39507
39508
39509
39510
39511
39512
39513
39514
39515
39516
39517
39518
39519
39520
39521
39534
39535
39536
39537
39538
39539
39540
39541
39542
39543
39544
39545
39546
39565
39566
39567
39568
39569
39570
39571
39572
39573
39584
39601
39602
39603
39604
39605
39606
39607
39608
39609
39610
39611
39612
39620
39621
39622
39623
39624
39625
39626
39640
39641
39642
39643
39644
39645
39646
39655
39656
39657
39658
39659
39660
39661
39662
39663
39664
39665
39666
39667
39668
39669
39670
39671
39672
39673
39674
39675
39676
39677
39678
39679
39687
39688
39689
39690
39691
39692
39708
39709
39710
39711
39712
39713
39714
39715
39716
39717
39718
39735
39736
39737
39738
39739
39740
39741
39742
39760
39761
39762
39763
39764
39765
39766
39767
39768
39769
39788
39789
39790
39791
39792
39793
39794
39795
39796
39797
39798
39799
39800
39801
39802
39803
39804
39805
39811
39812
39813
39814
39815
39816
39817
39818
39819
39820
39821
39833
39834
39835
39836
39837
39838
39839
39841
39842
39843
39844
39845
39846
39847
39848
39849
39850
39851
39852
39853
39854
39855
39856
39857
39864
39865
39866
39867
39868
39869
39871
39879
39880
39881
39882
39883
39884
39885
39886
39887
39899
39900
39901
39902
39903
39904
39905
39906
39915
39916
39917
39918
39919
39920
39921
39922
39923
39933
39934
39935
39936
39937
39938
39939
39940
39941
39942
39943
39944
39945
39951
39952
39953
39954
39955
39956
39957
39958
39959
39960
39961
39962
39963
39964
39965
39966
39967
39969
39989
39990
39991
39992
39993
39994
39995
39996
39997
39998
39999
40007
40010
40011
40012
40013
40014
40015
40016
40017
40018
40019
40020
40024
40025
40026
40027
40028
40029
40030
40031
40032
40033
40034
40044
40045
40046
40047
40048
40049
40050
40051
40052
40072
40073
40074
40075
40076
40077
40078
40079
40080
40081
40082
40084
40085
40092
40093
40094
40095
40096
40097
40098
40099
40100
40101
40102
40103
40118
40119
40120
40121
40122
40123
40124
40134
40135
40136
40137
40147
40148
40149
40161
40162
40163
40164
40165
40171
40172
40173
40174
40175
40176
40177
40178
40179
40180
40181
40182
40199
40200
40201
40202
40203
40204
40214
40215
40222
40223
40224
40225
40226
40227
40228
40229
40230
40231
40232
40233
40234
40235
40236
40237
40238
40239
40240
40260
40261
40262
40263
40282
40283
40292
40293
40294
40295
40296
40297
40308
40309
40310
40322
40323
40324
40325
40326
40330
40331
40334
40335
40336
40337
40338
40339
40340
40341
40342
40343
40344
40345
40346
40347
40348
40349
40350
40351
40352
40361
40362
40363
40364
40365
40366
40367
40368
40369
40370
40371
40372
40373
40384
40385
40386
40387
40388
40389
40390
40391
40392
40393
40394
40395
40396
40412
40413
40414
40415
40416
40417
40418
40419
40420
40421
40422
40423
40424
40425
40426
40445
40446
40456
40457
40458
40459
40460
40461
40462
40463
40464
40465
40466
40467
40468
40469
40470
40471
40472
40475
40476
40477
40478
40479
40480
40481
40482
40483
40484
40485
40486
40491
40492
40493
40494
40495
40496
40498
40512
40513
40514
40515
40516
40517
40518
40519
40520
40521
40522
40523
40529
40530
40531
40532
40533
40534
40535
40536
40537
40538
40539
40540
40541
40546
40547
40548
40549
40550
40551
40553
40554
40555
40557
40565
40566
40567
40568
40569
40570
40571
40572
40573
40574
40575
40576
40577
40578
40579
40580
40582
40583
40584
40585
40586
40587
40588
40589
40590
40591
40592
40621
40622
40623
40624
40625
40626
40627
40628
40629
40630
40631
40632
40633
40639
40640
40641
40642
40643
40644
40645
40646
40647
40648
40649
40650
40651
40652
40653
40654
40655
40656
40657
40658
40659
40660
40661
40662
40676
40677
40678
40679
40680
40681
40682
40705
40706
40707
40708
40709
40710
40711
40712
40713
40714
40720
40721
40722
40723
40724
40725
40726
40727
40728
40729
40730
40731
40732
40733
40734
40735
40736
40737
40738
40741
40742
40743
40744
40745
40746
40747
40748
40749
40750
40751
40752
40773
40774
40775
40776
40777
40778
40779
40780
40781
40782
40783
40784
40785
40786
40787
40788
40789
40801
40802
40803
40804
40805
40806
40807
40808
40809
40810
40811
40812
40813
40814
40823
40824
40825
40826
40827
40828
40829
40830
40831
40832
40833
40834
40835
40836
40837
40838
40839
40840
40845
40846
40847
40848
40849
40865
40866
40867
40868
40869
40870
40871
40872
40873
40874
40875
40876
40877
40878
40879
40891
40892
40903
40904
40905
40906
40907
40908
40909
40910
40911
40912
40913
40914
40915
40916
40917
40918
40919
40920
40921
40922
40923
40924
40925
40926
40927
40945
40946
40984
40985
40986
40987
40988
40989
40990
40991
40992
40993
40994
40995
40996
40997
40998
40999
41009
41010
41011
41012
41017
41018
41019
41020
41026
41027
41028
41029
41030
41031
41032
41033
41034
41035
41041
41042
41043
41044
41045
41046
41047
41048
41049
41050
41051
41052
41053
41054
41055
41056
41057
41058
41059
41060
41061
41069
41070
41071
41072
41073
41074
41079
41080
41081
41082
41083
41088
41089
41090
41091
41092
41093
41094
41095
41097
41099
41100
41101
41102
41103
41104
41105
41106
41107
41117
41118
41119
41120
41121
41122
41123
41124
41125
41126
41127
41128
41129
41137
41138
41139
41140
41141
41142
41150
41151
41152
41153
41154
41155
41156
41157
41158
41159
41160
41161
41162
41163
41164
41165
41173
41181
41182
41183
41184
41185
41186
41187
41188
41189
41192
41197
41198
41199
41200
41201
41202
41203
41204
41205
41224
41225
41226
41227
41228
41229
41230
41231
41232
41233
41234
41235
41236
41238
41239
41240
41241
41242
41243
41244
41245
41246
41247
41248
41249
41250
41251
41252
41253
41270
41271
41272
41273
41274
41275
41276
41277
41278
41279
41280
41281
41282
41283
41284
41285
41286
41288
41289
41296
41297
41298
41299
41300
41301
41302
41303
41304
41313
41314
41315
41316
41317
41318
41319
41320
41321
41322
41323
41324
41325
41326
41327
41328
41329
41330
41331
41339
41340
41341
41342
41343
41345
41358
41359
41360
41361
41362
41376
41377
41379
41380
41381
41392
41393
41394
41395
41396
41397
41398
41399
41400
41401
41402
41403
41404
41405
41419
41420
41421
41422
41423
41424
41425
41426
41427
41428
41429
41430
41431
41432
41433
41434
41435
41442
41443
41453
41454
41455
41456
41457
41458
41459
41460
41461
41462
41463
41464
41465
41466
41467
41469
41483
41484
41485
41486
41487
41488
41489
41490
41491
41492
41493
41515
41516
41517
41525
41526
41527
41528
41529
41530
41549
41550
41551
41552
41553
41558
41559
41560
41561
41565
41566
41567
41568
41569
41570
41571
41579
41580
41581
41582
41583
41584
41585
41586
41587
41588
41589
41590
41597
41598
41599
41600
41601
41602
41603
41604
41605
41606
41607
41626
41627
41628
41629
41630
41631
41632
41640
41641
41651
41652
41653
41655
41656
41657
41658
41659
41660
41661
41662
41663
41664
41665
41666
41667
41668
41677
41678
41679
41680
41681
41682
41683
41684
41685
41686
41687
41688
41689
41690
41691
41693
41711
41712
41713
41714
41715
41716
41717
41718
41728
41729
41730
41731
41732
41733
41734
41735
41736
41737
41738
41739
41740
41741
41742
41743
41744
41745
41746
41747
41748
41749
41763
41764
41765
41766
41767
41779
41780
41781
41782
41783
41784
41785
41786
41787
41788
41789
41790
41791
41792
41793
41794
41795
41802
41803
41804
41805
41806
41807
41808
41809
41810
41811
41812
41813
41814
41815
41816
41817
41822
41823
41824
41825
41826
41827
41828
41829
41830
41831
41832
41833
41834
41835
41836
41837
41838
41839
41840
41854
41855
41856
41857
41858
41864
41865
41866
41867
41873
41874
41875
41876
41884
41885
41886
41887
41888
41889
41890
41891
41892
41893
41894
41895
41896
41902
41903
41904
41905
41906
41907
41908
41909
41910
41911
41912
41913
41914
41915
41920
41921
41922
41941
41942
41943
41944
41945
41946
41947
41948
41949
41950
41951
41952
41968
41969
41970
41971
41972
41973
41974
41984
41985
41986
42006
42007
42008
42009
42010
42011
42012
42013
42014
42015
42016
42017
42018
42019
42020
42021
42022
42023
42040
42041
42042
42043
42044
42045
42046
42047
42048
42049
42065
42066
42067
42068
42069
42070
42071
42072
42073
42074
42075
42076
42078
42079
42080
42104
42105
42106
42107
42108
42109
42110
42111
42112
42113
42114
42115
42116
42117
42118
42119
42120
42140
42141
42142
42143
42159
42160
42161
42162
42163
42164
42165
42166
42167
42175
42176
42177
42178
42179
42180
42181
42182
42183
42184
42185
42205
42206
42207
42208
42209
42210
42211
42212
42213
42214
42215
42216
42217
42218
42219
42220
42221
42222
42223
42235
42236
42237
42238
42239
42240
42241
42242
42243
42244
42245
42246
42255
42256
42257
42258
42259
42260
42261
42262
42263
42264
42265
42266
42267
42268
42277
42278
42284
42285
42286
42287
42288
42289
42290
42291
42292
42293
42294
42295
42296
42297
42298
42299
42300
42301
42302
42307
42308
42309
42310
42311
42312
42313
42314
42328
42329
42330
42331
42332
42334
42335
42336
42337
42338
42339
42340
42341
42342
42343
42344
42345
42346
42347
42348
42349
42350
42351
42352
42365
42366
42367
42368
42369
42370
42371
42372
42373
42374
42375
42376
42377
42378
42379
42380
42394
42395
42396
42397
42398
42399
42400
42401
42402
42403
42404
42405
42406
42407
42408
42409
42410
42411
42412
42417
42418
42419
42420
42421
42422
42423
42424
42425
42426
42427
42428
42429
42440
42441
42455
42456
42457
42458
42459
42460
42461
42462
42463
42464
42465
42466
42467
42468
42469
42470
42471
42482
42483
42484
42485
42486
42487
42488
42489
42490
42491
42492
42493
42494
42495
42500
42501
42502
42503
42504
42505
42506
42507
42508
42509
42510
42511
42512
42513
42516
42517
42518
42519
42520
42534
42535
42547
42562
42563
42568
42569
42570
42571
42572
42573
42583
42584
42585
42586
42587
42588
42592
42593
42594
42595
42596
42597
42598
42599
42600
42601
42602
42603
42604
42605
42606
42607
42620
42621
42627
42634
42635
42636
42637
42638
42650
42651
42652
42653
42654
42655
42656
42657
42658
42659
42660
42661
42662
42663
42664
42665
42666
42667
42668
42669
42670
42671
42672
42677
42678
42679
42680
42681
42682
42683
42684
42685
42686
42687
42688
42689
42690
42691
42692
42696
42697
42698
42699
42700
42701
42702
42703
42704
42705
42706
42707
42708
42709
42710
42717
42718
42719
42720
42724
42725
42726
42727
42728
42729
42730
42731
42732
42733
42734
42735
42736
42737
42738
42739
42740
42741
42742
42758
42759
42760
42761
42762
42763
42764
42765
42781
42782
42783
42784
42785
42786
42787
42788
42789
42804
42805
42806
42807
42808
42809
42810
42811
42812
42813
42814
42815
42816
42817
42818
42819
42820
42821
42822
42839
42840
42841
42842
42843
42858
42859
42860
42861
42862
42863
42864
42865
42866
42867
42868
42869
42870
42876
42877
42878
42879
42880
42881
42882
42883
42884
42885
42886
42894
42907
42908
42909
42910
42911
42912
42913
42914
42915
42916
42932
42933
42934
42935
42949
42950
42951
42952
42953
42954
42955
42956
42957
42958
42967
42969
42974
42975
42976
42977
42978
42979
42980
42981
42982
42983
42984
42985
42986
42987
42988
42989
42990
43007
43008
43009
43010
43011
43012
43013
43014
43015
43016
43017
43018
43019
43020
43021
43022
43023
43024
43025
43035
43036
43037
43038
43039
43040
43041
43042
43043
43044
43062
43063
43064
43065
43066
43067
43068
43069
43070
43071
43072
43088
43098
43099
43100
43101
43102
43103
43104
43105
43112
43113
43114
43115
43116
43117
43118
43119
43120
43121
43129
43130
43131
43132
43133
43134
43135
43136
43137
43138
43139
43140
43141
43142
43143
43144
43145
43150
43151
43152
43153
43154
43155
43156
43157
43164
43165
43166
43167
43168
43169
43170
43171
43172
43173
43174
43178
43179
43180
43181
43182
43183
43184
43185
43186
43187
43188
43189
43190
43191
43192
43212
43213
43214
43215
43216
43217
43218
43219
43220
43221
43222
43223
43224
43225
43226
43227
43228
43229
43230
43232
43248
43249
43250
43251
43252
43253
43254
43255
43256
43257
43258
43259
43260
43261
43262
43263
43264
43265
43266
43271
43272
43273
43274
43292
43293
43294
43295
43296
43297
43298
43299
43300
43301
43302
43303
43310
43311
43312
43313
43314
43315
43316
43317
43318
43319
43320
43321
43323
43324
43325
43326
43327
43328
43329
43330
43331
43332
43336
43337
43338
43339
43340
43341
43342
43343
43344
43345
43346
43347
43348
43349
43350
43351
43369
43370
43371
43372
43373
43392
43393
43394
43395
43396
43397
43398
43399
43400
43407
43408
43409
43410
43411
43412
43413
43414
43415
43416
43417
43418
43419
43423
43424
43425
43426
43427
43428
43429
43430
43431
43432
43433
43434
43435
43436
43437
43438
43440
43446
43447
43448
43449
43450
43451
43452
43453
43454
43455
43456
43457
43460
43461
43462
43463
43464
43465
43466
43467
43468
43469
43470
43471
43472
43486
43487
43488
43489
43490
43491
43492
43493
43494
43495
43496
43497
43498
43499
43500
43501
43502
43503
43504
43518
43519
43520
43521
43522
43523
43524
43525
43526
43527
43528
43529
43530
43531
43548
43549
43556
43557
43558
43559
43560
43561
43562
43563
43564
43565
43566
43567
43568
43569
43570
43571
43572
43573
43581
43582
43583
43584
43585
43586
43597
43598
43599
43600
43601
43602
43603
43604
43612
43613
43614
43615
43616
43624
43625
43626
43627
43628
43629
43641
43642
43643
43644
43645
43646
43647
43648
43649
43650
43651
43652
43653
43654
43655
43656
43657
43671
43672
43673
43674
43675
43676
43677
43678
43679
43680
43681
43690
43691
43692
43693
43694
43695
43696
43697
43698
43699
43700
43701
43702
43703
43704
43705
43706
43707
43727
43728
43745
43746
43747
43748
43749
43750
43751
43752
43753
43754
43755
43756
43757
43776
43777
43778
43779
43780
43781
43783
43785
43786
43800
43801
43802
43803
43804
43805
43806
43807
43808
43809
43810
43811
43812
43814
43815
43816
43817
43818
43854
43855
43856
43857
43858
43859
43860
43861
43862
43863
43864
43865
43866
43867
43868
43869
43870
43871
43878
43879
43880
43881
43892
43893
43894
43895
43896
43897
43898
43899
43900
43901
43902
43903
43904
43905
43906
43907
43908
43911
43914
43915
43916
43929
43930
43931
43932
43933
43934
43935
43943
43944
43945
43946
43947
43948
43949
43950
43964
43965
43966
43967
43968
43969
43970
43971
43972
43973
43974
43975
43976
43977
43978
43979
43980
43981
43982
43983
43999
44000
44001
44002
44003
44004
44005
44006
44008
44009
44010
44011
44012
44013
44014
44015
44016
44017
44018
44019
44020
44021
44022
44023
44024
44025
44026
44027
44028
44029
44030
44031
44032
44046
44047
44048
44062
44063
44064
44065
44066
44067
44068
44069
44070
44071
44072
44073
44074
44075
44092
44093
44094
44095
44096
44097
44098
44099
44100
44101
44120
44121
44122
44123
44124
44126
44127
44157
44158
44178
44179
44192
44193
44194
44195
44196
44197
44198
44199
44200
44201
44202
44203
44224
44225
44226
44227
44228
44229
44230
44231
44256
44257
44258
44259
44260
44261
44262
44263
44264
44265
44266
44267
44288
44289
44295
44296
44297
44298
44299
44300
44301
44302
44303
44321
44326
44327
44328
44329
44330
44331
44332
44333
44334
44335
44346
44347
44348
44349
44350
44351
44352
44368
44369
44370
44371
44372
44373
44383
44384
44385
44386
44398
44399
44400
44401
44402
44403
44404
44405
44406
44407
44408
44409
44410
44411
44412
44413
44414
44419
44420
44421
44422
44423
44424
44425
44426
44427
44428
44429
44430
44431
44444
44445
44446
44447
44448
44449
44450
44451
44452
44453
44454
44455
44456
44457
44458
44465
44466
44467
44468
44469
44470
44471
44472
44473
44474
44475
44480
44484
44486
44493
44494
44495
44496
44497
44498
44499
44500
44501
44502
44503
44504
44505
44520
44521
44522
44523
44524
44525
44526
44527
44528
44529
44530
44531
44532
44533
44534
44535
44536
44554
44555
44556
44557
44558
44559
44560
44561
44562
44563
44564
44565
44566
44581
44587
44588
44589
44590
44591
44592
44593
44594
44595
44596
44597
44598
44599
44600
44601
44602
44603
44604
44605
44606
44607
44618
44619
44620
44621
44622
44623
44624
44625
44626
44627
44628
44629
44630
44631
44632
44638
44639
44640
44641
44642
44643
44644
44645
44651
44660
44661
44662
44663
44664
44665
44666
44667
44668
44669
44670
44671
44672
44673
44680
44681
44682
44683
44684
44685
44686
44687
44688
44689
44690
44691
44692
44693
44694
44698
44699
44700
44701
44702
44703
44704
44705
44706
44707
44708
44709
44710
44711
44712
44714
44731
44732
44733
44734
44735
44736
44737
44738
44739
44740
44741
44742
44743
44744
44745
44746
44747
44748
44764
44765
44766
44767
44768
44769
44770
44771
44772
44773
44774
44775
44776
44777
44778
44779
44780
44798
44799
44800
44801
44802
44803
44804
44805
44806
44807
44808
44816
44817
44818
44819
44820
44821
44822
44823
44824
44825
44826
44827
44828
44829
44830
44831
44832
44833
44834
44835
44836
44837
44838
44839
44851
44852
44853
44854
44855
44856
44857
44858
44875
44876
44877
44878
44879
44880
44881
44882
44883
44884
44885
44886
44888
44889
44890
44891
44892
44893
44894
44895
44896
44897
44898
44899
44900
44901
44902
44903
44904
44905
44906
44907
44908
44909
44927
44928
44929
44930
44931
44932
44933
44949
44950
44951
44953
44954
44955
44960
44970
44971
44972
44973
44974
44975
44976
44977
44978
44979
44981
44985
44986
44987
44988
44989
44990
44991
44992
44993
44994
44995
44996
44997
44998
44999
45000
45004
45005
45006
45007
45024
45025
45026
45027
45028
45029
45030
45031
45032
45033
45034
45035
45036
45037
45038
45039
45040
45041
45042
45046
45047
45048
45049
45050
45051
45052
45053
45054
45055
45056
45064
45065
45066
45067
45068
45069
45070
45071
45072
45073
45074
45075
45076
45077
45078
45079
45086
45087
45088
45089
45090
45091
45092
45093
45094
45095
45096
45097
45098
45099
45100
45101
45102
45103
45119
45120
45121
45122
45123
45124
45125
45126
45127
45128
45129
45130
45131
45132
45133
45134
45135
45151
45152
45153
45154
45155
45156
45157
45158
45159
45160
45161
45162
45163
45164
45165
45166
45167
45168
45169
45170
45171
45172
45173
45174
45190
45191
45192
45193
45194
45195
45196
45197
45198
45199
45200
45201
45202
45209
45210
45211
45212
45213
45214
45215
45222
45223
45242
45243
45244
45245
45246
45247
45248
45265
45266
45267
45268
45269
45270
45271
45272
45273
45274
45275
45276
45277
45278
45299
45300
45301
45302
45303
45304
45305
45334
45335
45336
45337
45338
45339
45366
45367
45368
45369
45370
45371
45372
45373
45374
45375
45376
45377
45378
45379
45380
45381
45382
45383
45384
45404
45405
45406
45407
45408
45409
45410
45411
45412
45413
45414
45415
45416
45423
45424
45425
45426
45427
45428
45429
45430
45431
45432
45433
45434
45435
45436
45438
45448
45449
45450
45451
45452
45453
45454
45455
45456
45457
45458
45471
45472
45473
45474
45475
45476
45477
45478
45479
45480
45481
45494
45495
45496
45497
45498
45499
45500
45502
45507
45508
45509
45510
45516
45517
45518
45519
45520
45521
45522
45523
45524
45532
45533
45541
45542
45543
45544
45545
45546
45547
45548
45550
45555
45556
45557
45558
45559
45560
45561
45562
45578
45579
45580
45581
45582
45583
45584
45585
45586
45587
45588
45589
45590
45591
45592
45593
45594
45595
45607
45608
45609
45610
45611
45613
45629
45630
45631
45632
45633
45634
45635
45636
45637
45638
45639
45640
45641
45642
45643
45644
45645
45646
45647
45648
45649
45650
45651
45652
45655
45656
45657
45658
45659
45660
45661
45662
45665
45666
45667
45668
45669
45670
45671
45672
45673
45674
45675
45688
45689
45690
45691
45692
45693
45694
45695
45696
45701
45702
45703
45704
45705
45706
45707
45708
45710
45711
45712
45713
45714
45715
45716
45717
45718
45719
45720
45721
45722
45723
45724
45725
45726
45727
45728
45729
45730
45736
45737
45738
45739
45740
45741
45742
45756
45757
45758
45759
45760
45761
45762
45763
45764
45765
45766
45767
45783
45784
45785
45786
45787
45788
45789
45790
45791
45805
45806
45807
45808
45809
45810
45811
45812
45813
45814
45815
45816
45817
45833
45834
45835
45836
45837
45838
45839
45840
45841
45842
45846
45847
45848
45849
45850
45851
45852
45857
45858
45859
45860
45861
45870
45871
45872
45873
45874
45875
45882
45883
45884
45885
45886
45887
45888
45889
45890
45891
45892
45893
45894
45895
45896
45897
45898
45912
45913
45914
45915
45916
45917
45918
45919
45920
45921
45922
45923
45924
45925
45926
45935
45936
45937
45938
45939
45940
45941
45942
45957
45958
45959
45960
45961
45962
45963
45964
45965
45966
45967
45971
45972
45973
45974
45975
45976
45977
45978
45979
45980
45981
45998
45999
46000
46001
46002
46003
46004
46005
46006
46007
46008
46009
46010
46011
46012
46013
46015
46016
46017
46018
46019
46020
46021
46022
46023
46024
46025
46026
46027
46028
46029
46030
46031
46038
46039
46040
46041
46053
46054
46055
46056
46057
46058
46059
46060
46061
46080
46081
46082
46083
46084
46085
46086
46087
46088
46089
46090
46091
46092
46093
46100
46101
46102
46103
46104
46105
46106
46107
46126
46127
46128
46129
46130
46131
46132
46133
46134
46135
46136
46137
46138
46139
46140
46155
46156
46157
46158
46178
46179
46180
46181
46182
46183
46184
46185
46186
46187
46188
46189
46190
46191
46192
46193
46194
46195
46206
46207
46208
46209
46210
46211
46212
46217
46218
46219
46220
46221
46222
46223
46224
46225
46226
46227
46228
46229
46230
46232
46234
46235
46236
46237
46238
46239
46240
46241
46242
46243
46244
46245
46246
46247
46254
46258
46259
46260
46261
46262
46263
46264
46265
46266
46267
46282
46283
46284
46285
46286
46287
46288
46289
46290
46291
46292
46293
46311
46317
46323
46324
46325
46326
46327
46328
46329
46330
46331
46332
46333
46334
46341
46342
46343
46344
46345
46347
46348
46349
46350
46351
46352
46353
46354
46355
46356
46357
46358
46359
46360
46361
46362
46363
46378
46379
46380
46381
46382
46383
46384
46385
46386
46394
46395
46396
46397
46398
46399
46400
46401
46402
46403
46404
46405
46406
46407
46408
46409
46430
46431
46432
46433
46434
46435
46436
46437
46438
46446
46447
46448
46449
46450
46451
46452
46453
46454
46455
46456
46457
46458
46459
46460
46461
46467
46468
46494
46495
46496
46497
46498
46499
46500
46501
46502
46503
46507
46515
46516
46517
46518
46519
46520
46521
46522
46531
46532
46533
46534
46535
46536
46543
46544
46554
46555
46556
46557
46558
46559
46561
46578
46579
46580
46581
46582
46583
46584
46585
46586
46587
46588
46589
46590
46591
46592
46593
46594
46595
46596
46598
46605
46606
46607
46608
46609
46610
46611
46612
46613
46614
46615
46616
46630
46631
46632
46633
46634
46635
46636
46637
46638
46639
46658
46659
46660
46661
46662
46663
46664
46665
46666
46667
46668
46682
46683
46684
46685
46686
46687
46688
46689
46690
46691
46692
46693
46694
46695
46696
46697
46698
46699
46700
46718
46719
46720
46721
46722
46734
46735
46736
46737
46738
46739
46740
46741
46742
46743
46744
46745
46746
46747
46748
46749
46750
46763
46764
46765
46766
46767
46768
46782
46783
46784
46785
46786
46787
46788
46789
46790
46791
46792
46794
46798
46799
46800
46801
46802
46803
46804
46805
46806
46807
46820
46821
46822
46823
46824
46825
46826
46827
46828
46829
46830
46831
46832
46833
46834
46835
46837
46838
46839
46840
46841
46842
46843
46844
46845
46846
46847
46848
46849
46850
46855
46856
46857
46858
46859
46860
46861
46862
46863
46864
46865
46866
46867
46868
46869
46885
46886
46887
46888
46889
46890
46891
46892
46893
46894
46895
46896
46897
46898
46899
46900
46901
46903
46904
46905
46906
46907
46908
46914
46915
46916
46917
46918
46919
46920
46921
46922
46923
46924
46925
46926
46927
46928
46929
46930
46931
46932
46938
46947
46950
46951
46952
46953
46954
46964
46965
46966
46967
46968
46969
46970
46971
46972
46973
46974
46975
46976
46977
46978
46979
46984
46985
46986
46987
46988
46989
46990
47006
47007
47008
47009
47010
47011
47012
47013
47014
47015
47016
47017
47018
47020
47031
47032
47033
47034
47035
47036
47045
47046
47047
47048
47049
47066
47067
47068
47071
47072
47073
47086
47114
47115
47116
47117
47118
47119
47120
47121
47122
47123
47124
47125
47133
47134
47135
47136
47137
47138
47139
47140
47141
47142
47143
47144
47145
47146
47147
47148
47149
47150
47151
47152
47173
47174
47175
47176
47177
47178
47179
47180
47181
47182
47183
47184
47185
47186
47187
47188
47192
47193
47194
47195
47196
47202
47203
47204
47205
47206
47207
47208
47209
47210
47211
47212
47213
47214
47215
47216
47226
47227
47228
47229
47230
47231
47232
47233
47234
47235
47236
47237
47238
47239
47240
47241
47242
47243
47244
47259
47260
47261
47262
47263
47264
47265
47266
47267
47268
47269
47270
47271
47272
47273
47289
47290
47291
47311
47312
47313
47314
47315
47316
47317
47318
47319
47336
47337
47338
47339
47340
47341
47342
47343
47346
47347
47348
47362
47363
47364
47365
47366
47367
47368
47369
47370
47371
47372
47373
47376
47377
47378
47379
47383
47384
47385
47386
47387
47388
47389
47390
47391
47392
47393
47394
47395
47396
47397
47398
47413
47414
47415
47416
47417
47418
47419
47420
47421
47422
47438
47439
47440
47441
47442
47443
47444
47445
47446
47447
47448
47449
47450
47451
47452
47455
47456
47457
47458
47459
47460
47461
47473
47474
47475
47476
47477
47480
47481
47482
47483
47484
47485
47492
47493
47494
47496
47497
47498
47499
47500
47501
47502
47503
47504
47505
47506
47507
47521
47522
47523
47524
47525
47526
47527
47528
47529
47530
47531
47532
47533
47534
47535
47536
47537
47538
47539
47554
47555
47556
47557
47558
47559
47560
47561
47562
47563
47564
47565
47566
47571
47572
47573
47574
47575
47590
47591
47592
47593
47594
47595
47596
47597
47598
47599
47600
47601
47602
47603
47615
47616
47617
47627
47628
47629
47642
47643
47644
47645
47646
47647
47648
47649
47650
47651
47652
47653
47654
47655
47656
47657
47679
47680
47681
47682
47698
47699
47700
47701
47702
47703
47704
47705
47717
47718
47719
47720
47721
47722
47723
47724
47725
47726
47727
47728
47729
47746
47747
47748
47763
47764
47765
47766
47767
47768
47769
47770
47771
47772
47773
47774
47775
47776
47777
47778
47779
47780
47781